# reactions: 4
Time	S1	S2	S3	Fired Reaction
0.0	100000.0	0.0	0.0	 0
2.0229268468578112e-08	99998.0	1.0	0.0	 2
1.2514741660076664e-07	99996.0	2.0	0.0	 2
1.667097704222012e-07	99994.0	3.0	0.0	 2
2.66799155846659e-07	99992.0	4.0	0.0	 2
3.8351988292733557e-07	99990.0	5.0	0.0	 2
5.053847614375127e-07	99988.0	6.0	0.0	 2
6.055903765028164e-07	99986.0	7.0	0.0	 2
6.465409945933717e-07	99984.0	8.0	0.0	 2
8.963934064445839e-07	99982.0	9.0	0.0	 2
9.430316278441884e-07	99980.0	10.0	0.0	 2
9.47763284665011e-07	99978.0	11.0	0.0	 2
9.98942730148866e-07	99976.0	12.0	0.0	 2
1.1039465409680697e-06	99974.0	13.0	0.0	 2
1.1614789855468196e-06	99972.0	14.0	0.0	 2
1.2076347816494485e-06	99970.0	15.0	0.0	 2
1.4761840672981883e-06	99968.0	16.0	0.0	 2
1.6731220586837084e-06	99966.0	17.0	0.0	 2
1.7034567222217085e-06	99964.0	18.0	0.0	 2
1.7105980232974931e-06	99962.0	19.0	0.0	 2
1.7231761445574317e-06	99960.0	20.0	0.0	 2
1.7779351262701644e-06	99958.0	21.0	0.0	 2
1.798413244058684e-06	99956.0	22.0	0.0	 2
1.7988283569539996e-06	99954.0	23.0	0.0	 2
2.0055045700441994e-06	99952.0	24.0	0.0	 2
2.2902878291604947e-06	99950.0	25.0	0.0	 2
2.4227843881117427e-06	99948.0	26.0	0.0	 2
2.5424468557172677e-06	99946.0	27.0	0.0	 2
2.5431606420463893e-06	99944.0	28.0	0.0	 2
2.7269081310281046e-06	99942.0	29.0	0.0	 2
2.802211184987683e-06	99940.0	30.0	0.0	 2
2.9495271325804798e-06	99938.0	31.0	0.0	 2
3.006835500466026e-06	99936.0	32.0	0.0	 2
3.062015680399243e-06	99934.0	33.0	0.0	 2
3.1054658917393088e-06	99932.0	34.0	0.0	 2
3.2313861073981006e-06	99930.0	35.0	0.0	 2
3.3916219979544324e-06	99928.0	36.0	0.0	 2
3.4382765615193745e-06	99926.0	37.0	0.0	 2
3.4592423650711145e-06	99924.0	38.0	0.0	 2
3.5266749124058496e-06	99922.0	39.0	0.0	 2
3.7311470011736878e-06	99920.0	40.0	0.0	 2
3.7819457080763384e-06	99918.0	41.0	0.0	 2
3.7880531147907325e-06	99916.0	42.0	0.0	 2
3.858798157533114e-06	99914.0	43.0	0.0	 2
3.8760078268023215e-06	99912.0	44.0	0.0	 2
3.8979726912968765e-06	99910.0	45.0	0.0	 2
3.92004393680069e-06	99908.0	46.0	0.0	 2
4.006764332987135e-06	99906.0	47.0	0.0	 2
4.037490074831185e-06	99904.0	48.0	0.0	 2
4.075428615941143e-06	99902.0	49.0	0.0	 2
4.158203474714214e-06	99900.0	50.0	0.0	 2
4.276184837599397e-06	99898.0	51.0	0.0	 2
4.3681096836674825e-06	99896.0	52.0	0.0	 2
4.379464281523387e-06	99894.0	53.0	0.0	 2
4.446479791099068e-06	99892.0	54.0	0.0	 2
4.500213139312456e-06	99890.0	55.0	0.0	 2
4.5938339797817755e-06	99888.0	56.0	0.0	 2
4.727228375659148e-06	99886.0	57.0	0.0	 2
4.887417816779487e-06	99884.0	58.0	0.0	 2
4.92167738057777e-06	99882.0	59.0	0.0	 2
4.975055847907677e-06	99880.0	60.0	0.0	 2
5.031991657483299e-06	99878.0	61.0	0.0	 2
5.147397923487327e-06	99876.0	62.0	0.0	 2
5.452847095387823e-06	99874.0	63.0	0.0	 2
5.4858053596813835e-06	99872.0	64.0	0.0	 2
5.487139267316358e-06	99870.0	65.0	0.0	 2
5.495850159696851e-06	99868.0	66.0	0.0	 2
5.50239542353856e-06	99866.0	67.0	0.0	 2
5.580892993333349e-06	99864.0	68.0	0.0	 2
5.644205710255985e-06	99862.0	69.0	0.0	 2
5.680983065648355e-06	99860.0	70.0	0.0	 2
5.800095873541138e-06	99858.0	71.0	0.0	 2
6.128560422308203e-06	99856.0	72.0	0.0	 2
6.330421489039925e-06	99854.0	73.0	0.0	 2
6.438961382402324e-06	99852.0	74.0	0.0	 2
6.483414746829689e-06	99850.0	75.0	0.0	 2
6.589475424789935e-06	99848.0	76.0	0.0	 2
6.7915398556100725e-06	99846.0	77.0	0.0	 2
6.9121776320967115e-06	99844.0	78.0	0.0	 2
7.018224405661298e-06	99842.0	79.0	0.0	 2
7.055087901423029e-06	99840.0	80.0	0.0	 2
7.088769958586658e-06	99838.0	81.0	0.0	 2
7.117742391829622e-06	99836.0	82.0	0.0	 2
7.1235043968647935e-06	99834.0	83.0	0.0	 2
7.180700577697812e-06	99832.0	84.0	0.0	 2
7.610157082999465e-06	99830.0	85.0	0.0	 2
7.634123496569106e-06	99828.0	86.0	0.0	 2
7.665421813470787e-06	99826.0	87.0	0.0	 2
7.700176766185816e-06	99824.0	88.0	0.0	 2
8.169441686544368e-06	99822.0	89.0	0.0	 2
8.227153815680165e-06	99820.0	90.0	0.0	 2
8.22884249662145e-06	99818.0	91.0	0.0	 2
8.35130416627115e-06	99816.0	92.0	0.0	 2
8.520134203412531e-06	99814.0	93.0	0.0	 2
8.549475227050314e-06	99812.0	94.0	0.0	 2
8.674524094591116e-06	99810.0	95.0	0.0	 2
8.785063167616677e-06	99808.0	96.0	0.0	 2
8.838520798699728e-06	99806.0	97.0	0.0	 2
9.124298947181513e-06	99804.0	98.0	0.0	 2
9.419421723541982e-06	99802.0	99.0	0.0	 2
9.481048179703712e-06	99800.0	100.0	0.0	 2
9.516230314443051e-06	99798.0	101.0	0.0	 2
9.78491061388744e-06	99796.0	102.0	0.0	 2
9.797658595592663e-06	99794.0	103.0	0.0	 2
9.835642931809864e-06	99792.0	104.0	0.0	 2
1.0071476141166209e-05	99790.0	105.0	0.0	 2
1.0461679792718558e-05	99788.0	106.0	0.0	 2
1.0582615255858013e-05	99786.0	107.0	0.0	 2
1.0762846352548876e-05	99784.0	108.0	0.0	 2
1.079429794531792e-05	99782.0	109.0	0.0	 2
1.0827690829376194e-05	99780.0	110.0	0.0	 2
1.090976153266948e-05	99778.0	111.0	0.0	 2
1.1200649949870831e-05	99776.0	112.0	0.0	 2
1.1210809118656713e-05	99774.0	113.0	0.0	 2
1.1252716478180936e-05	99772.0	114.0	0.0	 2
1.1298006767843607e-05	99770.0	115.0	0.0	 2
1.1302927881143955e-05	99768.0	116.0	0.0	 2
1.1373613548672122e-05	99766.0	117.0	0.0	 2
1.1553900046088504e-05	99764.0	118.0	0.0	 2
1.1619508791094659e-05	99762.0	119.0	0.0	 2
1.1682286027824494e-05	99760.0	120.0	0.0	 2
1.1734306673257969e-05	99758.0	121.0	0.0	 2
1.1829183417858617e-05	99756.0	122.0	0.0	 2
1.187954237872277e-05	99754.0	123.0	0.0	 2
1.1895733723934885e-05	99752.0	124.0	0.0	 2
1.2019590617428086e-05	99750.0	125.0	0.0	 2
1.208110564502926e-05	99748.0	126.0	0.0	 2
1.2084980219052284e-05	99746.0	127.0	0.0	 2
1.2503251767019439e-05	99744.0	128.0	0.0	 2
1.2540470374214448e-05	99742.0	129.0	0.0	 2
1.2578405040863473e-05	99740.0	130.0	0.0	 2
1.28045255345777e-05	99738.0	131.0	0.0	 2
1.290474963481137e-05	99736.0	132.0	0.0	 2
1.29414249126955e-05	99734.0	133.0	0.0	 2
1.3385570512414274e-05	99732.0	134.0	0.0	 2
1.3408218548998556e-05	99730.0	135.0	0.0	 2
1.3461460638551558e-05	99728.0	136.0	0.0	 2
1.3534737903846302e-05	99726.0	137.0	0.0	 2
1.3668903687860137e-05	99724.0	138.0	0.0	 2
1.368220870652391e-05	99722.0	139.0	0.0	 2
1.3944784434964834e-05	99720.0	140.0	0.0	 2
1.4006092016322573e-05	99718.0	141.0	0.0	 2
1.4144526705590503e-05	99716.0	142.0	0.0	 2
1.4160212047518389e-05	99714.0	143.0	0.0	 2
1.4336786333334547e-05	99712.0	144.0	0.0	 2
1.4587794040681535e-05	99710.0	145.0	0.0	 2
1.4788868663265843e-05	99708.0	146.0	0.0	 2
1.4868631079210496e-05	99706.0	147.0	0.0	 2
1.4904559127699743e-05	99704.0	148.0	0.0	 2
1.4921103819145592e-05	99702.0	149.0	0.0	 2
1.506363782766116e-05	99700.0	150.0	0.0	 2
1.5146465941218099e-05	99698.0	151.0	0.0	 2
1.5181654785757486e-05	99696.0	152.0	0.0	 2
1.540911761826345e-05	99694.0	153.0	0.0	 2
1.5636755879834362e-05	99692.0	154.0	0.0	 2
1.571972934656075e-05	99690.0	155.0	0.0	 2
1.577348688990403e-05	99688.0	156.0	0.0	 2
1.5962834336458697e-05	99686.0	157.0	0.0	 2
1.602227645004187e-05	99684.0	158.0	0.0	 2
1.6203972449820302e-05	99682.0	159.0	0.0	 2
1.620518412837082e-05	99680.0	160.0	0.0	 2
1.621364960561994e-05	99678.0	161.0	0.0	 2
1.628213101412089e-05	99676.0	162.0	0.0	 2
1.6567706146926152e-05	99674.0	163.0	0.0	 2
1.6841172635533053e-05	99672.0	164.0	0.0	 2
1.6987455262003e-05	99670.0	165.0	0.0	 2
1.7024282019397613e-05	99668.0	166.0	0.0	 2
1.7047815194682914e-05	99666.0	167.0	0.0	 2
1.7109962792756496e-05	99664.0	168.0	0.0	 2
1.7432676189717926e-05	99662.0	169.0	0.0	 2
1.745302885427262e-05	99661.0	169.0	0.0	 1
1.758399576429324e-05	99659.0	170.0	0.0	 2
1.760388052986027e-05	99657.0	171.0	0.0	 2
1.762934817820723e-05	99655.0	172.0	0.0	 2
1.7643962721549318e-05	99653.0	173.0	0.0	 2
1.771691406610266e-05	99651.0	174.0	0.0	 2
1.7733971013119375e-05	99649.0	175.0	0.0	 2
1.7929175671564647e-05	99647.0	176.0	0.0	 2
1.807208713085117e-05	99645.0	177.0	0.0	 2
1.8158454368238097e-05	99643.0	178.0	0.0	 2
1.8185204853976115e-05	99641.0	179.0	0.0	 2
1.8262350079760166e-05	99639.0	180.0	0.0	 2
1.860059336254829e-05	99637.0	181.0	0.0	 2
1.886257542379782e-05	99635.0	182.0	0.0	 2
1.8972579345591795e-05	99633.0	183.0	0.0	 2
1.9117029139465983e-05	99631.0	184.0	0.0	 2
1.9142777209111577e-05	99629.0	185.0	0.0	 2
1.915140483951604e-05	99627.0	186.0	0.0	 2
1.9215674394972658e-05	99625.0	187.0	0.0	 2
1.9241456646785233e-05	99623.0	188.0	0.0	 2
1.9389880355110317e-05	99621.0	189.0	0.0	 2
1.982846466763596e-05	99619.0	190.0	0.0	 2
1.9844429558950505e-05	99617.0	191.0	0.0	 2
1.9864118897979673e-05	99615.0	192.0	0.0	 2
1.999964685369581e-05	99613.0	193.0	0.0	 2
2.0083055940708487e-05	99611.0	194.0	0.0	 2
2.010889004303516e-05	99609.0	195.0	0.0	 2
2.0165527904774945e-05	99607.0	196.0	0.0	 2
2.0246909371362485e-05	99605.0	197.0	0.0	 2
2.0247025438671756e-05	99603.0	198.0	0.0	 2
2.0253278472159083e-05	99601.0	199.0	0.0	 2
2.0424313144579263e-05	99599.0	200.0	0.0	 2
2.0606356785979337e-05	99597.0	201.0	0.0	 2
2.0790678920873363e-05	99595.0	202.0	0.0	 2
2.0985871255423672e-05	99593.0	203.0	0.0	 2
2.107731293155437e-05	99591.0	204.0	0.0	 2
2.1237025532380785e-05	99589.0	205.0	0.0	 2
2.1256014210664544e-05	99587.0	206.0	0.0	 2
2.1306514976261266e-05	99585.0	207.0	0.0	 2
2.131847208731363e-05	99583.0	208.0	0.0	 2
2.1375884325382573e-05	99581.0	209.0	0.0	 2
2.1388535456020644e-05	99579.0	210.0	0.0	 2
2.1691594059793985e-05	99577.0	211.0	0.0	 2
2.1693225289301277e-05	99575.0	212.0	0.0	 2
2.1730036074631824e-05	99573.0	213.0	0.0	 2
2.1910972356746897e-05	99571.0	214.0	0.0	 2
2.193074723515273e-05	99569.0	215.0	0.0	 2
2.1998422912704624e-05	99567.0	216.0	0.0	 2
2.2108625037692006e-05	99565.0	217.0	0.0	 2
2.2141900444569798e-05	99563.0	218.0	0.0	 2
2.2258297018800477e-05	99561.0	219.0	0.0	 2
2.2352084172603094e-05	99559.0	220.0	0.0	 2
2.23811851276777e-05	99557.0	221.0	0.0	 2
2.255700721140727e-05	99555.0	222.0	0.0	 2
2.2694544785121904e-05	99553.0	223.0	0.0	 2
2.2832490432050427e-05	99551.0	224.0	0.0	 2
2.285530805143798e-05	99549.0	225.0	0.0	 2
2.2951183563722417e-05	99547.0	226.0	0.0	 2
2.297531828253196e-05	99545.0	227.0	0.0	 2
2.3002772122853658e-05	99543.0	228.0	0.0	 2
2.3043041940524756e-05	99541.0	229.0	0.0	 2
2.31675072863761e-05	99539.0	230.0	0.0	 2
2.3390644915871897e-05	99537.0	231.0	0.0	 2
2.3399330350184217e-05	99535.0	232.0	0.0	 2
2.3526931059140276e-05	99533.0	233.0	0.0	 2
2.3827828026324458e-05	99531.0	234.0	0.0	 2
2.387618273158708e-05	99529.0	235.0	0.0	 2
2.3984639378182112e-05	99527.0	236.0	0.0	 2
2.4011360949117357e-05	99525.0	237.0	0.0	 2
2.403730138306185e-05	99523.0	238.0	0.0	 2
2.4174717122885352e-05	99521.0	239.0	0.0	 2
2.4878182496314794e-05	99519.0	240.0	0.0	 2
2.504519494860108e-05	99517.0	241.0	0.0	 2
2.5171437845084333e-05	99515.0	242.0	0.0	 2
2.526704609488538e-05	99513.0	243.0	0.0	 2
2.5454164280893316e-05	99511.0	244.0	0.0	 2
2.5613203898788435e-05	99509.0	245.0	0.0	 2
2.5683929930536348e-05	99507.0	246.0	0.0	 2
2.5914790609588593e-05	99505.0	247.0	0.0	 2
2.603088977978341e-05	99503.0	248.0	0.0	 2
2.6208511073861342e-05	99501.0	249.0	0.0	 2
2.6287211518422786e-05	99499.0	250.0	0.0	 2
2.6347792268300973e-05	99497.0	251.0	0.0	 2
2.6366218474677454e-05	99495.0	252.0	0.0	 2
2.6405644327768798e-05	99493.0	253.0	0.0	 2
2.641262289110388e-05	99491.0	254.0	0.0	 2
2.6480791962903027e-05	99489.0	255.0	0.0	 2
2.64921047944347e-05	99487.0	256.0	0.0	 2
2.66747532963835e-05	99485.0	257.0	0.0	 2
2.7230252846844518e-05	99483.0	258.0	0.0	 2
2.7324534710418715e-05	99481.0	259.0	0.0	 2
2.7401138437359945e-05	99479.0	260.0	0.0	 2
2.756817722430876e-05	99477.0	261.0	0.0	 2
2.7726133366254772e-05	99475.0	262.0	0.0	 2
2.773396343193789e-05	99473.0	263.0	0.0	 2
2.785285298365658e-05	99471.0	264.0	0.0	 2
2.8089529042236805e-05	99469.0	265.0	0.0	 2
2.8250660575782434e-05	99467.0	266.0	0.0	 2
2.846752999662189e-05	99465.0	267.0	0.0	 2
2.8491603293834586e-05	99463.0	268.0	0.0	 2
2.84936614105645e-05	99461.0	269.0	0.0	 2
2.851943095332252e-05	99459.0	270.0	0.0	 2
2.8830114034769112e-05	99457.0	271.0	0.0	 2
2.9044239020318147e-05	99455.0	272.0	0.0	 2
2.9069559776112903e-05	99453.0	273.0	0.0	 2
2.911113576628072e-05	99451.0	274.0	0.0	 2
2.924966216501769e-05	99449.0	275.0	0.0	 2
2.9493978584134916e-05	99447.0	276.0	0.0	 2
2.964126906494638e-05	99445.0	277.0	0.0	 2
2.970972415402214e-05	99443.0	278.0	0.0	 2
2.971934177881754e-05	99441.0	279.0	0.0	 2
2.972012832228719e-05	99439.0	280.0	0.0	 2
2.995960774073828e-05	99437.0	281.0	0.0	 2
3.000230195474242e-05	99435.0	282.0	0.0	 2
3.020958950960662e-05	99433.0	283.0	0.0	 2
3.022403471713275e-05	99431.0	284.0	0.0	 2
3.029064852844631e-05	99429.0	285.0	0.0	 2
3.029753418388114e-05	99427.0	286.0	0.0	 2
3.036230876431115e-05	99425.0	287.0	0.0	 2
3.0378676385040282e-05	99423.0	288.0	0.0	 2
3.0409331723657305e-05	99421.0	289.0	0.0	 2
3.0565451025468055e-05	99419.0	290.0	0.0	 2
3.077323900170612e-05	99417.0	291.0	0.0	 2
3.082012326022639e-05	99415.0	292.0	0.0	 2
3.0874169973250355e-05	99413.0	293.0	0.0	 2
3.103786191155086e-05	99411.0	294.0	0.0	 2
3.1125434025667184e-05	99409.0	295.0	0.0	 2
3.125408851586189e-05	99407.0	296.0	0.0	 2
3.1417190499305574e-05	99405.0	297.0	0.0	 2
3.148742007692851e-05	99403.0	298.0	0.0	 2
3.1672074952432333e-05	99402.0	298.0	0.0	 1
3.17652874146194e-05	99400.0	299.0	0.0	 2
3.184860335552994e-05	99398.0	300.0	0.0	 2
3.1979662989002226e-05	99396.0	301.0	0.0	 2
3.1986639386128076e-05	99394.0	302.0	0.0	 2
3.200759972596985e-05	99392.0	303.0	0.0	 2
3.2074505624797705e-05	99390.0	304.0	0.0	 2
3.2093483813209e-05	99388.0	305.0	0.0	 2
3.214679182793842e-05	99386.0	306.0	0.0	 2
3.2324997185871085e-05	99384.0	307.0	0.0	 2
3.239271255044671e-05	99382.0	308.0	0.0	 2
3.248450595935723e-05	99380.0	309.0	0.0	 2
3.2518585127784064e-05	99378.0	310.0	0.0	 2
3.2592267200006765e-05	99376.0	311.0	0.0	 2
3.2658248479425205e-05	99374.0	312.0	0.0	 2
3.269667388559908e-05	99372.0	313.0	0.0	 2
3.270940712762318e-05	99370.0	314.0	0.0	 2
3.282741872115404e-05	99368.0	315.0	0.0	 2
3.28667310737576e-05	99366.0	316.0	0.0	 2
3.2870446576539144e-05	99364.0	317.0	0.0	 2
3.3201958926984316e-05	99362.0	318.0	0.0	 2
3.3252371115458445e-05	99360.0	319.0	0.0	 2
3.3356488938189636e-05	99358.0	320.0	0.0	 2
3.3421328180718675e-05	99356.0	321.0	0.0	 2
3.3455572993494846e-05	99354.0	322.0	0.0	 2
3.348223341394793e-05	99352.0	323.0	0.0	 2
3.349760634118537e-05	99350.0	324.0	0.0	 2
3.374345367661515e-05	99348.0	325.0	0.0	 2
3.378048390641236e-05	99346.0	326.0	0.0	 2
3.401861598735091e-05	99344.0	327.0	0.0	 2
3.4129962056060445e-05	99342.0	328.0	0.0	 2
3.414022104846104e-05	99340.0	329.0	0.0	 2
3.423504957238889e-05	99338.0	330.0	0.0	 2
3.44029581525884e-05	99336.0	331.0	0.0	 2
3.452429612957298e-05	99334.0	332.0	0.0	 2
3.4540275581883795e-05	99332.0	333.0	0.0	 2
3.455362901541514e-05	99330.0	334.0	0.0	 2
3.463099191969717e-05	99328.0	335.0	0.0	 2
3.492319023642362e-05	99326.0	336.0	0.0	 2
3.510425200044052e-05	99324.0	337.0	0.0	 2
3.5206060464021297e-05	99322.0	338.0	0.0	 2
3.5550308054348594e-05	99320.0	339.0	0.0	 2
3.558393502310782e-05	99318.0	340.0	0.0	 2
3.6049991214433835e-05	99316.0	341.0	0.0	 2
3.616723719014851e-05	99314.0	342.0	0.0	 2
3.617268033745095e-05	99312.0	343.0	0.0	 2
3.618242180143522e-05	99310.0	344.0	0.0	 2
3.6275617357118105e-05	99308.0	345.0	0.0	 2
3.632372184158658e-05	99306.0	346.0	0.0	 2
3.633008480820421e-05	99304.0	347.0	0.0	 2
3.658054762296545e-05	99302.0	348.0	0.0	 2
3.668324141772385e-05	99300.0	349.0	0.0	 2
3.695507608974925e-05	99298.0	350.0	0.0	 2
3.697090773795455e-05	99296.0	351.0	0.0	 2
3.698041280489414e-05	99294.0	352.0	0.0	 2
3.7056156173638534e-05	99292.0	353.0	0.0	 2
3.736279033696055e-05	99290.0	354.0	0.0	 2
3.7482824412968385e-05	99288.0	355.0	0.0	 2
3.7489190151891994e-05	99286.0	356.0	0.0	 2
3.752797774995738e-05	99284.0	357.0	0.0	 2
3.764273322159122e-05	99282.0	358.0	0.0	 2
3.769994997335373e-05	99280.0	359.0	0.0	 2
3.776019427169191e-05	99278.0	360.0	0.0	 2
3.779423922392776e-05	99276.0	361.0	0.0	 2
3.7826389940906435e-05	99274.0	362.0	0.0	 2
3.8283211270648246e-05	99272.0	363.0	0.0	 2
3.8527469356640765e-05	99270.0	364.0	0.0	 2
3.853758895275713e-05	99268.0	365.0	0.0	 2
3.860670508501672e-05	99266.0	366.0	0.0	 2
3.864273376174059e-05	99264.0	367.0	0.0	 2
3.871616588590034e-05	99262.0	368.0	0.0	 2
3.905515834505787e-05	99260.0	369.0	0.0	 2
3.917846468842476e-05	99258.0	370.0	0.0	 2
3.938206777437905e-05	99256.0	371.0	0.0	 2
3.9435062403993036e-05	99254.0	372.0	0.0	 2
3.9490542522077626e-05	99252.0	373.0	0.0	 2
3.9756672305759644e-05	99250.0	374.0	0.0	 2
4.013546517581492e-05	99248.0	375.0	0.0	 2
4.013819656001744e-05	99246.0	376.0	0.0	 2
4.0204711080016094e-05	99244.0	377.0	0.0	 2
4.035759909821132e-05	99242.0	378.0	0.0	 2
4.040646650529845e-05	99240.0	379.0	0.0	 2
4.042302693617035e-05	99238.0	380.0	0.0	 2
4.07120390600281e-05	99236.0	381.0	0.0	 2
4.072583354348816e-05	99234.0	382.0	0.0	 2
4.0845875877690945e-05	99232.0	383.0	0.0	 2
4.084890254591948e-05	99230.0	384.0	0.0	 2
4.086239323255956e-05	99228.0	385.0	0.0	 2
4.0948028997326826e-05	99226.0	386.0	0.0	 2
4.114564683848423e-05	99224.0	387.0	0.0	 2
4.123225507335266e-05	99222.0	388.0	0.0	 2
4.124924536502875e-05	99220.0	389.0	0.0	 2
4.1334553658161073e-05	99218.0	390.0	0.0	 2
4.1401914221235694e-05	99216.0	391.0	0.0	 2
4.1422263009154675e-05	99214.0	392.0	0.0	 2
4.147898886756677e-05	99212.0	393.0	0.0	 2
4.157211603825383e-05	99210.0	394.0	0.0	 2
4.1580300250501265e-05	99208.0	395.0	0.0	 2
4.1723080686970885e-05	99206.0	396.0	0.0	 2
4.175459651306751e-05	99204.0	397.0	0.0	 2
4.1825100423831496e-05	99202.0	398.0	0.0	 2
4.184801491569456e-05	99200.0	399.0	0.0	 2
4.184975741693861e-05	99198.0	400.0	0.0	 2
4.1889653219876314e-05	99196.0	401.0	0.0	 2
4.191121953755379e-05	99194.0	402.0	0.0	 2
4.191238987812725e-05	99192.0	403.0	0.0	 2
4.205570617395451e-05	99190.0	404.0	0.0	 2
4.205998675246376e-05	99188.0	405.0	0.0	 2
4.212834421478495e-05	99186.0	406.0	0.0	 2
4.2144249130592175e-05	99184.0	407.0	0.0	 2
4.218252568322573e-05	99182.0	408.0	0.0	 2
4.264510044984149e-05	99180.0	409.0	0.0	 2
4.284316263992378e-05	99178.0	410.0	0.0	 2
4.2844259680996235e-05	99176.0	411.0	0.0	 2
4.295238321930111e-05	99174.0	412.0	0.0	 2
4.296794426387534e-05	99172.0	413.0	0.0	 2
4.333895317945296e-05	99170.0	414.0	0.0	 2
4.335458528129219e-05	99168.0	415.0	0.0	 2
4.3366224629108294e-05	99166.0	416.0	0.0	 2
4.348582295940432e-05	99164.0	417.0	0.0	 2
4.3492120729584414e-05	99162.0	418.0	0.0	 2
4.3662700643010924e-05	99160.0	419.0	0.0	 2
4.383523935603199e-05	99158.0	420.0	0.0	 2
4.3852120641758064e-05	99156.0	421.0	0.0	 2
4.39870883867298e-05	99154.0	422.0	0.0	 2
4.4040621991733894e-05	99152.0	423.0	0.0	 2
4.4130326715619774e-05	99151.0	423.0	0.0	 1
4.413110314356422e-05	99149.0	424.0	0.0	 2
4.41375169924286e-05	99147.0	425.0	0.0	 2
4.443611786811576e-05	99145.0	426.0	0.0	 2
4.461006417184676e-05	99143.0	427.0	0.0	 2
4.471439791460925e-05	99141.0	428.0	0.0	 2
4.481906878880041e-05	99139.0	429.0	0.0	 2
4.524012566789807e-05	99137.0	430.0	0.0	 2
4.5263573611096945e-05	99135.0	431.0	0.0	 2
4.529767256525602e-05	99133.0	432.0	0.0	 2
4.534753349855723e-05	99131.0	433.0	0.0	 2
4.5427718495433814e-05	99129.0	434.0	0.0	 2
4.5437059559899275e-05	99127.0	435.0	0.0	 2
4.543819974510969e-05	99126.0	435.0	0.0	 1
4.5473304640905746e-05	99124.0	436.0	0.0	 2
4.5610010869953014e-05	99122.0	437.0	0.0	 2
4.563922255355838e-05	99120.0	438.0	0.0	 2
4.570198772884417e-05	99118.0	439.0	0.0	 2
4.5813800294726014e-05	99116.0	440.0	0.0	 2
4.592389430913051e-05	99114.0	441.0	0.0	 2
4.5976198647616336e-05	99112.0	442.0	0.0	 2
4.627789410044213e-05	99110.0	443.0	0.0	 2
4.634138128909103e-05	99108.0	444.0	0.0	 2
4.636657072828851e-05	99106.0	445.0	0.0	 2
4.642677664854139e-05	99104.0	446.0	0.0	 2
4.647496658581606e-05	99102.0	447.0	0.0	 2
4.65785277761359e-05	99100.0	448.0	0.0	 2
4.725006846817831e-05	99098.0	449.0	0.0	 2
4.732022130360963e-05	99096.0	450.0	0.0	 2
4.7337590647695085e-05	99094.0	451.0	0.0	 2
4.737553688331226e-05	99092.0	452.0	0.0	 2
4.752982566201896e-05	99090.0	453.0	0.0	 2
4.7618542514863576e-05	99088.0	454.0	0.0	 2
4.7652466218866576e-05	99086.0	455.0	0.0	 2
4.770483041642518e-05	99084.0	456.0	0.0	 2
4.77444376941366e-05	99082.0	457.0	0.0	 2
4.7862940533618575e-05	99080.0	458.0	0.0	 2
4.789703691770549e-05	99078.0	459.0	0.0	 2
4.827445871699303e-05	99076.0	460.0	0.0	 2
4.8319381419801514e-05	99074.0	461.0	0.0	 2
4.8554966609206105e-05	99072.0	462.0	0.0	 2
4.859199777443047e-05	99070.0	463.0	0.0	 2
4.860121533161631e-05	99068.0	464.0	0.0	 2
4.8602422612956e-05	99066.0	465.0	0.0	 2
4.8620810754000453e-05	99064.0	466.0	0.0	 2
4.9021465642871155e-05	99062.0	467.0	0.0	 2
4.9082677441636576e-05	99060.0	468.0	0.0	 2
4.937277826130514e-05	99058.0	469.0	0.0	 2
4.94829178385206e-05	99056.0	470.0	0.0	 2
4.952966881485848e-05	99054.0	471.0	0.0	 2
4.955976898113872e-05	99053.0	471.0	0.0	 1
4.965477546684483e-05	99051.0	472.0	0.0	 2
4.9681650794911634e-05	99049.0	473.0	0.0	 2
4.979167883794629e-05	99047.0	474.0	0.0	 2
4.9987032284139244e-05	99045.0	475.0	0.0	 2
5.008507223540365e-05	99043.0	476.0	0.0	 2
5.011211955293676e-05	99041.0	477.0	0.0	 2
5.021105762752604e-05	99039.0	478.0	0.0	 2
5.022155176436947e-05	99037.0	479.0	0.0	 2
5.0256334372324846e-05	99035.0	480.0	0.0	 2
5.025655794768684e-05	99033.0	481.0	0.0	 2
5.0291318768412386e-05	99031.0	482.0	0.0	 2
5.037683275393638e-05	99029.0	483.0	0.0	 2
5.039626929298984e-05	99027.0	484.0	0.0	 2
5.043454763699998e-05	99025.0	485.0	0.0	 2
5.0443113078755674e-05	99023.0	486.0	0.0	 2
5.0455125175183116e-05	99021.0	487.0	0.0	 2
5.0496598679768885e-05	99019.0	488.0	0.0	 2
5.057119489664987e-05	99017.0	489.0	0.0	 2
5.060868503057678e-05	99015.0	490.0	0.0	 2
5.0709414974274756e-05	99013.0	491.0	0.0	 2
5.088127723304069e-05	99011.0	492.0	0.0	 2
5.109249099055718e-05	99009.0	493.0	0.0	 2
5.1202688399565625e-05	99007.0	494.0	0.0	 2
5.127685421741447e-05	99005.0	495.0	0.0	 2
5.133205232415131e-05	99003.0	496.0	0.0	 2
5.133764765402642e-05	99001.0	497.0	0.0	 2
5.1383341585543426e-05	98999.0	498.0	0.0	 2
5.1535882402810834e-05	98997.0	499.0	0.0	 2
5.1595940925729573e-05	98995.0	500.0	0.0	 2
5.172991353080637e-05	98993.0	501.0	0.0	 2
5.1730399075065e-05	98991.0	502.0	0.0	 2
5.202958581589463e-05	98989.0	503.0	0.0	 2
5.204206822080739e-05	98987.0	504.0	0.0	 2
5.208606552260164e-05	98985.0	505.0	0.0	 2
5.210414957375295e-05	98983.0	506.0	0.0	 2
5.218461562729599e-05	98981.0	507.0	0.0	 2
5.229118178884134e-05	98979.0	508.0	0.0	 2
5.2433621683002154e-05	98977.0	509.0	0.0	 2
5.2708980351851494e-05	98975.0	510.0	0.0	 2
5.274279686469528e-05	98973.0	511.0	0.0	 2
5.280087741853727e-05	98971.0	512.0	0.0	 2
5.281834948426948e-05	98969.0	513.0	0.0	 2
5.28839523413663e-05	98967.0	514.0	0.0	 2
5.294391716055989e-05	98965.0	515.0	0.0	 2
5.315783020000938e-05	98963.0	516.0	0.0	 2
5.366320291455211e-05	98961.0	517.0	0.0	 2
5.378216762492763e-05	98959.0	518.0	0.0	 2
5.386229609529722e-05	98957.0	519.0	0.0	 2
5.4195778439108365e-05	98955.0	520.0	0.0	 2
5.431510927954797e-05	98953.0	521.0	0.0	 2
5.4410948668577995e-05	98951.0	522.0	0.0	 2
5.445081704249144e-05	98949.0	523.0	0.0	 2
5.4484111873410454e-05	98947.0	524.0	0.0	 2
5.450599115766612e-05	98945.0	525.0	0.0	 2
5.4512688081653256e-05	98943.0	526.0	0.0	 2
5.451847649123749e-05	98941.0	527.0	0.0	 2
5.452316692492039e-05	98939.0	528.0	0.0	 2
5.45299860607226e-05	98937.0	529.0	0.0	 2
5.4655424928152626e-05	98935.0	530.0	0.0	 2
5.467967410185727e-05	98933.0	531.0	0.0	 2
5.49900689447089e-05	98931.0	532.0	0.0	 2
5.513384851909678e-05	98929.0	533.0	0.0	 2
5.519865761779973e-05	98927.0	534.0	0.0	 2
5.522258300174527e-05	98925.0	535.0	0.0	 2
5.539276986554052e-05	98923.0	536.0	0.0	 2
5.563765541108953e-05	98921.0	537.0	0.0	 2
5.5647227163195824e-05	98919.0	538.0	0.0	 2
5.5767100089464884e-05	98917.0	539.0	0.0	 2
5.577866728918258e-05	98915.0	540.0	0.0	 2
5.6349563580915265e-05	98913.0	541.0	0.0	 2
5.635153538645705e-05	98911.0	542.0	0.0	 2
5.64430143030803e-05	98909.0	543.0	0.0	 2
5.646033387175822e-05	98907.0	544.0	0.0	 2
5.6510554281220835e-05	98905.0	545.0	0.0	 2
5.6567183834984205e-05	98903.0	546.0	0.0	 2
5.6756026980810906e-05	98901.0	547.0	0.0	 2
5.6855642234942e-05	98899.0	548.0	0.0	 2
5.7115918729185046e-05	98897.0	549.0	0.0	 2
5.749495012056053e-05	98895.0	550.0	0.0	 2
5.755085815822834e-05	98893.0	551.0	0.0	 2
5.7573362283953636e-05	98891.0	552.0	0.0	 2
5.766019410666397e-05	98889.0	553.0	0.0	 2
5.7668398532567276e-05	98887.0	554.0	0.0	 2
5.783159942762975e-05	98885.0	555.0	0.0	 2
5.7985006000914265e-05	98883.0	556.0	0.0	 2
5.79855464286647e-05	98881.0	557.0	0.0	 2
5.7986862029385065e-05	98879.0	558.0	0.0	 2
5.831237220342884e-05	98877.0	559.0	0.0	 2
5.851732829622841e-05	98875.0	560.0	0.0	 2
5.8690706265360535e-05	98873.0	561.0	0.0	 2
5.878979905548304e-05	98871.0	562.0	0.0	 2
5.885760032949483e-05	98869.0	563.0	0.0	 2
5.8892342162909705e-05	98867.0	564.0	0.0	 2
5.898385116888433e-05	98865.0	565.0	0.0	 2
5.900328963729756e-05	98863.0	566.0	0.0	 2
5.927488097841754e-05	98861.0	567.0	0.0	 2
5.966117539940793e-05	98859.0	568.0	0.0	 2
5.970738898930608e-05	98857.0	569.0	0.0	 2
5.9931795155585696e-05	98855.0	570.0	0.0	 2
6.0283218559526135e-05	98853.0	571.0	0.0	 2
6.0388137022549765e-05	98851.0	572.0	0.0	 2
6.045802056181869e-05	98849.0	573.0	0.0	 2
6.072743358945581e-05	98847.0	574.0	0.0	 2
6.08587343133197e-05	98845.0	575.0	0.0	 2
6.100296391931049e-05	98843.0	576.0	0.0	 2
6.114110069481771e-05	98841.0	577.0	0.0	 2
6.115260425806821e-05	98839.0	578.0	0.0	 2
6.116714810918882e-05	98837.0	579.0	0.0	 2
6.120890967496093e-05	98835.0	580.0	0.0	 2
6.12579586302442e-05	98833.0	581.0	0.0	 2
6.132044585044821e-05	98831.0	582.0	0.0	 2
6.14143843304563e-05	98829.0	583.0	0.0	 2
6.152741959175738e-05	98827.0	584.0	0.0	 2
6.163629755684209e-05	98825.0	585.0	0.0	 2
6.203863771440917e-05	98823.0	586.0	0.0	 2
6.208750505875007e-05	98821.0	587.0	0.0	 2
6.219483638207667e-05	98819.0	588.0	0.0	 2
6.219650593383955e-05	98817.0	589.0	0.0	 2
6.224826166626715e-05	98815.0	590.0	0.0	 2
6.235513157727115e-05	98813.0	591.0	0.0	 2
6.237123589337202e-05	98811.0	592.0	0.0	 2
6.242564108924796e-05	98809.0	593.0	0.0	 2
6.243551478122529e-05	98807.0	594.0	0.0	 2
6.243821662305199e-05	98805.0	595.0	0.0	 2
6.244239730151207e-05	98803.0	596.0	0.0	 2
6.24914114324431e-05	98801.0	597.0	0.0	 2
6.256194642252459e-05	98799.0	598.0	0.0	 2
6.268187180964529e-05	98797.0	599.0	0.0	 2
6.284711866548924e-05	98795.0	600.0	0.0	 2
6.2993344982783e-05	98793.0	601.0	0.0	 2
6.301355132573028e-05	98791.0	602.0	0.0	 2
6.307642544513114e-05	98789.0	603.0	0.0	 2
6.312044208948301e-05	98787.0	604.0	0.0	 2
6.34636161793584e-05	98785.0	605.0	0.0	 2
6.355938170112125e-05	98783.0	606.0	0.0	 2
6.377932809240829e-05	98781.0	607.0	0.0	 2
6.378525233843307e-05	98779.0	608.0	0.0	 2
6.387752445928873e-05	98777.0	609.0	0.0	 2
6.399156405230958e-05	98775.0	610.0	0.0	 2
6.399778967917168e-05	98773.0	611.0	0.0	 2
6.408091642304296e-05	98771.0	612.0	0.0	 2
6.420858001002703e-05	98769.0	613.0	0.0	 2
6.425223852944985e-05	98767.0	614.0	0.0	 2
6.429750022533744e-05	98765.0	615.0	0.0	 2
6.433504304193913e-05	98763.0	616.0	0.0	 2
6.441058392155244e-05	98761.0	617.0	0.0	 2
6.441654903534018e-05	98759.0	618.0	0.0	 2
6.456580811626428e-05	98757.0	619.0	0.0	 2
6.47126452152153e-05	98756.0	619.0	0.0	 1
6.472999111329725e-05	98754.0	620.0	0.0	 2
6.484391122311706e-05	98752.0	621.0	0.0	 2
6.538215511546596e-05	98750.0	622.0	0.0	 2
6.538800736876706e-05	98748.0	623.0	0.0	 2
6.54260113612378e-05	98746.0	624.0	0.0	 2
6.546074760080911e-05	98744.0	625.0	0.0	 2
6.553533795747231e-05	98742.0	626.0	0.0	 2
6.583347529152072e-05	98740.0	627.0	0.0	 2
6.585033615768283e-05	98738.0	628.0	0.0	 2
6.586549618225854e-05	98736.0	629.0	0.0	 2
6.601040495630432e-05	98734.0	630.0	0.0	 2
6.602219198917243e-05	98732.0	631.0	0.0	 2
6.61191676575575e-05	98730.0	632.0	0.0	 2
6.623038074051757e-05	98728.0	633.0	0.0	 2
6.623106409269708e-05	98726.0	634.0	0.0	 2
6.63185080297049e-05	98724.0	635.0	0.0	 2
6.632339445042348e-05	98722.0	636.0	0.0	 2
6.63857688283391e-05	98720.0	637.0	0.0	 2
6.652914526845811e-05	98718.0	638.0	0.0	 2
6.659276144052045e-05	98716.0	639.0	0.0	 2
6.675415627917733e-05	98715.0	639.0	0.0	 1
6.690578638628877e-05	98713.0	640.0	0.0	 2
6.729005914586537e-05	98711.0	641.0	0.0	 2
6.737105320273574e-05	98709.0	642.0	0.0	 2
6.74130280469424e-05	98707.0	643.0	0.0	 2
6.771359393590838e-05	98705.0	644.0	0.0	 2
6.777884557092484e-05	98703.0	645.0	0.0	 2
6.791280294639504e-05	98701.0	646.0	0.0	 2
6.793416058381545e-05	98699.0	647.0	0.0	 2
6.794621092313932e-05	98697.0	648.0	0.0	 2
6.794992723420803e-05	98695.0	649.0	0.0	 2
6.795073838600136e-05	98693.0	650.0	0.0	 2
6.826514616853368e-05	98691.0	651.0	0.0	 2
6.837341086433453e-05	98689.0	652.0	0.0	 2
6.849604676319824e-05	98687.0	653.0	0.0	 2
6.853333039830319e-05	98685.0	654.0	0.0	 2
6.854977223020429e-05	98683.0	655.0	0.0	 2
6.855521938190851e-05	98681.0	656.0	0.0	 2
6.877640997264415e-05	98679.0	657.0	0.0	 2
6.881166275038402e-05	98677.0	658.0	0.0	 2
6.901410779750894e-05	98675.0	659.0	0.0	 2
6.905744113259343e-05	98673.0	660.0	0.0	 2
6.91516079967066e-05	98671.0	661.0	0.0	 2
6.932213163730121e-05	98669.0	662.0	0.0	 2
6.9394299392824e-05	98667.0	663.0	0.0	 2
6.941792285648335e-05	98665.0	664.0	0.0	 2
6.942627246373808e-05	98663.0	665.0	0.0	 2
6.943952693291253e-05	98661.0	666.0	0.0	 2
6.952674506681052e-05	98659.0	667.0	0.0	 2
6.959993134758159e-05	98657.0	668.0	0.0	 2
6.962464509247738e-05	98655.0	669.0	0.0	 2
6.973885610530992e-05	98653.0	670.0	0.0	 2
6.981656183571343e-05	98651.0	671.0	0.0	 2
6.989725171498334e-05	98649.0	672.0	0.0	 2
6.996274054589192e-05	98647.0	673.0	0.0	 2
6.998349234292633e-05	98645.0	674.0	0.0	 2
7.018799521119038e-05	98643.0	675.0	0.0	 2
7.021406176958695e-05	98641.0	676.0	0.0	 2
7.02596688371698e-05	98639.0	677.0	0.0	 2
7.065160642031171e-05	98637.0	678.0	0.0	 2
7.080887677142416e-05	98635.0	679.0	0.0	 2
7.081485312373426e-05	98633.0	680.0	0.0	 2
7.085376000824618e-05	98631.0	681.0	0.0	 2
7.100712841738733e-05	98629.0	682.0	0.0	 2
7.103002619705877e-05	98627.0	683.0	0.0	 2
7.103505898121072e-05	98625.0	684.0	0.0	 2
7.112204576071622e-05	98623.0	685.0	0.0	 2
7.119866370024645e-05	98621.0	686.0	0.0	 2
7.122931318512062e-05	98619.0	687.0	0.0	 2
7.125723143266699e-05	98617.0	688.0	0.0	 2
7.141032381507067e-05	98615.0	689.0	0.0	 2
7.142870039721343e-05	98613.0	690.0	0.0	 2
7.144229350688008e-05	98611.0	691.0	0.0	 2
7.157237132709192e-05	98609.0	692.0	0.0	 2
7.163366050675963e-05	98607.0	693.0	0.0	 2
7.183684997220046e-05	98605.0	694.0	0.0	 2
7.230040152560406e-05	98603.0	695.0	0.0	 2
7.279494108381954e-05	98601.0	696.0	0.0	 2
7.287336279083251e-05	98599.0	697.0	0.0	 2
7.302654210911801e-05	98597.0	698.0	0.0	 2
7.30500371262787e-05	98595.0	699.0	0.0	 2
7.341380343793033e-05	98593.0	700.0	0.0	 2
7.349845570792785e-05	98591.0	701.0	0.0	 2
7.355772841571779e-05	98589.0	702.0	0.0	 2
7.357664582655349e-05	98587.0	703.0	0.0	 2
7.3631136156432e-05	98585.0	704.0	0.0	 2
7.374387121148963e-05	98583.0	705.0	0.0	 2
7.382594171804796e-05	98581.0	706.0	0.0	 2
7.396658190130698e-05	98579.0	707.0	0.0	 2
7.399183000840228e-05	98577.0	708.0	0.0	 2
7.403759136737553e-05	98575.0	709.0	0.0	 2
7.412727998122853e-05	98573.0	710.0	0.0	 2
7.432723560437544e-05	98571.0	711.0	0.0	 2
7.438784040718107e-05	98569.0	712.0	0.0	 2
7.449331001294176e-05	98567.0	713.0	0.0	 2
7.45942812770914e-05	98565.0	714.0	0.0	 2
7.478387997557917e-05	98563.0	715.0	0.0	 2
7.489714473683624e-05	98561.0	716.0	0.0	 2
7.50021959469556e-05	98559.0	717.0	0.0	 2
7.530602243156397e-05	98557.0	718.0	0.0	 2
7.538002307637104e-05	98555.0	719.0	0.0	 2
7.542800058770642e-05	98553.0	720.0	0.0	 2
7.556508384802452e-05	98551.0	721.0	0.0	 2
7.564570442173668e-05	98549.0	722.0	0.0	 2
7.57342495110189e-05	98547.0	723.0	0.0	 2
7.5886797932766e-05	98545.0	724.0	0.0	 2
7.598108717862078e-05	98543.0	725.0	0.0	 2
7.603649206300082e-05	98541.0	726.0	0.0	 2
7.609542093739893e-05	98539.0	727.0	0.0	 2
7.662787004020297e-05	98537.0	728.0	0.0	 2
7.666319066070673e-05	98535.0	729.0	0.0	 2
7.703357043044609e-05	98533.0	730.0	0.0	 2
7.708757388546545e-05	98531.0	731.0	0.0	 2
7.713065141507518e-05	98529.0	732.0	0.0	 2
7.725490703658885e-05	98527.0	733.0	0.0	 2
7.726387253813584e-05	98525.0	734.0	0.0	 2
7.740605210107554e-05	98523.0	735.0	0.0	 2
7.742930775203785e-05	98521.0	736.0	0.0	 2
7.744445046872567e-05	98519.0	737.0	0.0	 2
7.763767293892731e-05	98517.0	738.0	0.0	 2
7.76383830490357e-05	98515.0	739.0	0.0	 2
7.795865060379771e-05	98513.0	740.0	0.0	 2
7.799287324076086e-05	98511.0	741.0	0.0	 2
7.814429425876288e-05	98509.0	742.0	0.0	 2
7.81955104679491e-05	98507.0	743.0	0.0	 2
7.823022951657453e-05	98505.0	744.0	0.0	 2
7.829833734487513e-05	98503.0	745.0	0.0	 2
7.843465026605914e-05	98501.0	746.0	0.0	 2
7.856228903926579e-05	98499.0	747.0	0.0	 2
7.865025174795323e-05	98497.0	748.0	0.0	 2
7.87270765714884e-05	98495.0	749.0	0.0	 2
7.885616961185358e-05	98494.0	749.0	0.0	 1
7.887484403785414e-05	98492.0	750.0	0.0	 2
7.913479023094339e-05	98490.0	751.0	0.0	 2
7.91633020072508e-05	98488.0	752.0	0.0	 2
7.916983721828739e-05	98486.0	753.0	0.0	 2
7.921019984591393e-05	98484.0	754.0	0.0	 2
7.93413113182985e-05	98482.0	755.0	0.0	 2
7.963481206270135e-05	98480.0	756.0	0.0	 2
7.993369497673893e-05	98478.0	757.0	0.0	 2
7.994557418044311e-05	98476.0	758.0	0.0	 2
8.003516677083563e-05	98474.0	759.0	0.0	 2
8.004670732480646e-05	98472.0	760.0	0.0	 2
8.040531429228674e-05	98470.0	761.0	0.0	 2
8.043089759945346e-05	98468.0	762.0	0.0	 2
8.057551434387449e-05	98466.0	763.0	0.0	 2
8.058832021144457e-05	98464.0	764.0	0.0	 2
8.067857620805884e-05	98462.0	765.0	0.0	 2
8.077361848025748e-05	98460.0	766.0	0.0	 2
8.082583167519521e-05	98458.0	767.0	0.0	 2
8.08724238508425e-05	98456.0	768.0	0.0	 2
8.09060967371305e-05	98454.0	769.0	0.0	 2
8.098499455266625e-05	98452.0	770.0	0.0	 2
8.09942644117163e-05	98450.0	771.0	0.0	 2
8.110346811425209e-05	98448.0	772.0	0.0	 2
8.127924937120594e-05	98446.0	773.0	0.0	 2
8.130517097698541e-05	98444.0	774.0	0.0	 2
8.134299912142556e-05	98442.0	775.0	0.0	 2
8.135288763939027e-05	98440.0	776.0	0.0	 2
8.147580607311116e-05	98438.0	777.0	0.0	 2
8.152474103481003e-05	98436.0	778.0	0.0	 2
8.162884031828923e-05	98434.0	779.0	0.0	 2
8.179187760744424e-05	98432.0	780.0	0.0	 2
8.180172513763859e-05	98430.0	781.0	0.0	 2
8.182036805161075e-05	98428.0	782.0	0.0	 2
8.182632712167134e-05	98426.0	783.0	0.0	 2
8.183166156805871e-05	98424.0	784.0	0.0	 2
8.186714446723671e-05	98422.0	785.0	0.0	 2
8.211134493673412e-05	98420.0	786.0	0.0	 2
8.213115733253882e-05	98418.0	787.0	0.0	 2
8.216006759918193e-05	98416.0	788.0	0.0	 2
8.238477594912798e-05	98414.0	789.0	0.0	 2
8.244056424139465e-05	98412.0	790.0	0.0	 2
8.249024190548592e-05	98410.0	791.0	0.0	 2
8.263368372141635e-05	98408.0	792.0	0.0	 2
8.275738063757182e-05	98406.0	793.0	0.0	 2
8.287374339370372e-05	98404.0	794.0	0.0	 2
8.293640927729804e-05	98402.0	795.0	0.0	 2
8.297812690718083e-05	98400.0	796.0	0.0	 2
8.299294926160027e-05	98398.0	797.0	0.0	 2
8.308879770437608e-05	98396.0	798.0	0.0	 2
8.310129380424038e-05	98394.0	799.0	0.0	 2
8.317990566845738e-05	98392.0	800.0	0.0	 2
8.318251348197918e-05	98390.0	801.0	0.0	 2
8.329940529647546e-05	98388.0	802.0	0.0	 2
8.334685383748803e-05	98386.0	803.0	0.0	 2
8.349628889646323e-05	98384.0	804.0	0.0	 2
8.362940131429981e-05	98382.0	805.0	0.0	 2
8.390161387927294e-05	98380.0	806.0	0.0	 2
8.393482997061844e-05	98378.0	807.0	0.0	 2
8.4027084879859e-05	98376.0	808.0	0.0	 2
8.403284865624146e-05	98374.0	809.0	0.0	 2
8.409507208832684e-05	98372.0	810.0	0.0	 2
8.410569174207724e-05	98370.0	811.0	0.0	 2
8.41434608994568e-05	98368.0	812.0	0.0	 2
8.41641044539792e-05	98366.0	813.0	0.0	 2
8.43017810337872e-05	98364.0	814.0	0.0	 2
8.432419112260853e-05	98362.0	815.0	0.0	 2
8.46201300834271e-05	98360.0	816.0	0.0	 2
8.475798749591984e-05	98358.0	817.0	0.0	 2
8.489693622439149e-05	98356.0	818.0	0.0	 2
8.511949383342693e-05	98354.0	819.0	0.0	 2
8.523636214317899e-05	98352.0	820.0	0.0	 2
8.530606039686725e-05	98350.0	821.0	0.0	 2
8.54239488754042e-05	98348.0	822.0	0.0	 2
8.543327738541187e-05	98346.0	823.0	0.0	 2
8.548156264038494e-05	98344.0	824.0	0.0	 2
8.561469826417002e-05	98342.0	825.0	0.0	 2
8.570649416632842e-05	98340.0	826.0	0.0	 2
8.576040611758451e-05	98338.0	827.0	0.0	 2
8.583583751932732e-05	98336.0	828.0	0.0	 2
8.585076941481695e-05	98334.0	829.0	0.0	 2
8.585646834991659e-05	98332.0	830.0	0.0	 2
8.594670948467013e-05	98330.0	831.0	0.0	 2
8.600967747666232e-05	98328.0	832.0	0.0	 2
8.602886999240842e-05	98326.0	833.0	0.0	 2
8.606577589927531e-05	98324.0	834.0	0.0	 2
8.613119543634977e-05	98322.0	835.0	0.0	 2
8.634511443119796e-05	98320.0	836.0	0.0	 2
8.641914847224688e-05	98318.0	837.0	0.0	 2
8.660773910711033e-05	98316.0	838.0	0.0	 2
8.67314751916539e-05	98314.0	839.0	0.0	 2
8.68354186384264e-05	98312.0	840.0	0.0	 2
8.69272187111518e-05	98310.0	841.0	0.0	 2
8.694637375354738e-05	98308.0	842.0	0.0	 2
8.709417504299318e-05	98306.0	843.0	0.0	 2
8.717362054119239e-05	98304.0	844.0	0.0	 2
8.721204569125214e-05	98302.0	845.0	0.0	 2
8.727157854285656e-05	98300.0	846.0	0.0	 2
8.730471738821637e-05	98298.0	847.0	0.0	 2
8.751800149233581e-05	98296.0	848.0	0.0	 2
8.763979382921896e-05	98294.0	849.0	0.0	 2
8.77186137622569e-05	98292.0	850.0	0.0	 2
8.773112869018315e-05	98290.0	851.0	0.0	 2
8.781477489444932e-05	98288.0	852.0	0.0	 2
8.792507088365894e-05	98286.0	853.0	0.0	 2
8.79452165515207e-05	98284.0	854.0	0.0	 2
8.799067474160965e-05	98282.0	855.0	0.0	 2
8.807461559700203e-05	98280.0	856.0	0.0	 2
8.810286163033843e-05	98278.0	857.0	0.0	 2
8.82928577157515e-05	98276.0	858.0	0.0	 2
8.845420578631808e-05	98274.0	859.0	0.0	 2
8.858483212644366e-05	98272.0	860.0	0.0	 2
8.870720278447965e-05	98270.0	861.0	0.0	 2
8.879321844503875e-05	98268.0	862.0	0.0	 2
8.896916879741107e-05	98266.0	863.0	0.0	 2
8.897212747739348e-05	98264.0	864.0	0.0	 2
8.907085879107338e-05	98262.0	865.0	0.0	 2
8.927122808625008e-05	98260.0	866.0	0.0	 2
8.934687163115134e-05	98258.0	867.0	0.0	 2
8.944112229297083e-05	98256.0	868.0	0.0	 2
8.948672689774474e-05	98254.0	869.0	0.0	 2
8.948962713564165e-05	98252.0	870.0	0.0	 2
8.958096634319487e-05	98250.0	871.0	0.0	 2
8.958427508858256e-05	98248.0	872.0	0.0	 2
8.958852997902032e-05	98246.0	873.0	0.0	 2
8.964884383951867e-05	98244.0	874.0	0.0	 2
8.99515166896078e-05	98242.0	875.0	0.0	 2
9.00115996542046e-05	98240.0	876.0	0.0	 2
9.019099498134665e-05	98238.0	877.0	0.0	 2
9.065317812436351e-05	98236.0	878.0	0.0	 2
9.069707543252571e-05	98234.0	879.0	0.0	 2
9.09242922430808e-05	98232.0	880.0	0.0	 2
9.09260078726357e-05	98230.0	881.0	0.0	 2
9.098726010712642e-05	98228.0	882.0	0.0	 2
9.10103447460241e-05	98226.0	883.0	0.0	 2
9.102939977423216e-05	98224.0	884.0	0.0	 2
9.107453761381854e-05	98222.0	885.0	0.0	 2
9.107861549297307e-05	98220.0	886.0	0.0	 2
9.114831061722702e-05	98218.0	887.0	0.0	 2
9.124247986169663e-05	98216.0	888.0	0.0	 2
9.137338084538993e-05	98214.0	889.0	0.0	 2
9.143253045641561e-05	98212.0	890.0	0.0	 2
9.143796864154302e-05	98210.0	891.0	0.0	 2
9.151726050528676e-05	98208.0	892.0	0.0	 2
9.161468433243944e-05	98207.0	892.0	0.0	 1
9.162179036189955e-05	98205.0	893.0	0.0	 2
9.191385366968256e-05	98203.0	894.0	0.0	 2
9.193500433495172e-05	98201.0	895.0	0.0	 2
9.20204798992446e-05	98199.0	896.0	0.0	 2
9.202580135376011e-05	98197.0	897.0	0.0	 2
9.22900867749424e-05	98195.0	898.0	0.0	 2
9.241150262554556e-05	98193.0	899.0	0.0	 2
9.244028199221219e-05	98191.0	900.0	0.0	 2
9.245748106565438e-05	98189.0	901.0	0.0	 2
9.247821780958621e-05	98187.0	902.0	0.0	 2
9.260482292776087e-05	98185.0	903.0	0.0	 2
9.261962972897887e-05	98183.0	904.0	0.0	 2
9.272043420796012e-05	98181.0	905.0	0.0	 2
9.3039211229948e-05	98179.0	906.0	0.0	 2
9.32901460598451e-05	98177.0	907.0	0.0	 2
9.338734197348034e-05	98175.0	908.0	0.0	 2
9.344425304536275e-05	98173.0	909.0	0.0	 2
9.351975826909237e-05	98171.0	910.0	0.0	 2
9.378327650536139e-05	98169.0	911.0	0.0	 2
9.386140270607845e-05	98167.0	912.0	0.0	 2
9.387434947895922e-05	98165.0	913.0	0.0	 2
9.40002037545278e-05	98163.0	914.0	0.0	 2
9.402500316890094e-05	98161.0	915.0	0.0	 2
9.414526227417165e-05	98159.0	916.0	0.0	 2
9.417077503976591e-05	98157.0	917.0	0.0	 2
9.426130730819202e-05	98155.0	918.0	0.0	 2
9.439902534712857e-05	98153.0	919.0	0.0	 2
9.441780643024673e-05	98151.0	920.0	0.0	 2
9.458467618793575e-05	98149.0	921.0	0.0	 2
9.472860168661623e-05	98147.0	922.0	0.0	 2
9.485741862591852e-05	98145.0	923.0	0.0	 2
9.498048148756906e-05	98143.0	924.0	0.0	 2
9.528207107889708e-05	98141.0	925.0	0.0	 2
9.528449897281386e-05	98139.0	926.0	0.0	 2
9.539477620957257e-05	98137.0	927.0	0.0	 2
9.540296323399715e-05	98135.0	928.0	0.0	 2
9.556341886756485e-05	98133.0	929.0	0.0	 2
9.566996275769073e-05	98131.0	930.0	0.0	 2
9.579225783715432e-05	98129.0	931.0	0.0	 2
9.587424318808199e-05	98127.0	932.0	0.0	 2
9.587936110823348e-05	98125.0	933.0	0.0	 2
9.598753865405356e-05	98123.0	934.0	0.0	 2
9.600531364247995e-05	98121.0	935.0	0.0	 2
9.604333682586027e-05	98119.0	936.0	0.0	 2
9.612478547553432e-05	98117.0	937.0	0.0	 2
9.641004749221918e-05	98115.0	938.0	0.0	 2
9.641664512034296e-05	98113.0	939.0	0.0	 2
9.654114315941077e-05	98111.0	940.0	0.0	 2
9.657348408180761e-05	98109.0	941.0	0.0	 2
9.677785229771072e-05	98107.0	942.0	0.0	 2
9.678471126560331e-05	98105.0	943.0	0.0	 2
9.709843484831854e-05	98103.0	944.0	0.0	 2
9.713302941769317e-05	98101.0	945.0	0.0	 2
9.745223211285663e-05	98099.0	946.0	0.0	 2
9.754862658616759e-05	98097.0	947.0	0.0	 2
9.761477165127401e-05	98095.0	948.0	0.0	 2
9.768958043363596e-05	98093.0	949.0	0.0	 2
9.773395029799551e-05	98091.0	950.0	0.0	 2
9.783235391512745e-05	98089.0	951.0	0.0	 2
9.788407412294236e-05	98087.0	952.0	0.0	 2
9.794789373701231e-05	98085.0	953.0	0.0	 2
9.800865404601712e-05	98083.0	954.0	0.0	 2
9.82746004851737e-05	98081.0	955.0	0.0	 2
9.840028436981647e-05	98079.0	956.0	0.0	 2
9.841652757954667e-05	98077.0	957.0	0.0	 2
9.855408031780601e-05	98075.0	958.0	0.0	 2
9.861161165739217e-05	98073.0	959.0	0.0	 2
9.880741963297346e-05	98071.0	960.0	0.0	 2
9.884338134291355e-05	98069.0	961.0	0.0	 2
9.895090549102523e-05	98067.0	962.0	0.0	 2
9.915288550793566e-05	98065.0	963.0	0.0	 2
9.915707437492248e-05	98063.0	964.0	0.0	 2
9.920749134832765e-05	98061.0	965.0	0.0	 2
9.929633854143309e-05	98059.0	966.0	0.0	 2
9.930902069425242e-05	98057.0	967.0	0.0	 2
9.947803765049467e-05	98055.0	968.0	0.0	 2
9.961217767360765e-05	98053.0	969.0	0.0	 2
9.965522811095476e-05	98051.0	970.0	0.0	 2
9.972331335015692e-05	98049.0	971.0	0.0	 2
9.984491772273555e-05	98047.0	972.0	0.0	 2
9.98532779092619e-05	98045.0	973.0	0.0	 2
9.996843149085412e-05	98043.0	974.0	0.0	 2
9.998135295203468e-05	98041.0	975.0	0.0	 2
0.00010002862291732005	98039.0	976.0	0.0	 2
0.00010010007025591703	98037.0	977.0	0.0	 2
0.00010011098624546057	98035.0	978.0	0.0	 2
0.00010017933166178643	98033.0	979.0	0.0	 2
0.00010031993677430449	98031.0	980.0	0.0	 2
0.00010045251237228392	98029.0	981.0	0.0	 2
0.00010046652746350812	98027.0	982.0	0.0	 2
0.0001006163407717312	98025.0	983.0	0.0	 2
0.00010062585757527508	98023.0	984.0	0.0	 2
0.00010067886302753807	98021.0	985.0	0.0	 2
0.0001009494967673555	98019.0	986.0	0.0	 2
0.00010095721033035734	98017.0	987.0	0.0	 2
0.00010097145421172469	98015.0	988.0	0.0	 2
0.0001009812737859301	98013.0	989.0	0.0	 2
0.00010099645286705574	98011.0	990.0	0.0	 2
