# reactions: 4
Time	S1	S2	S3	Fired Reaction
0.0	100000.0	0.0	0.0	 0
1.1320235066778445e-07	99998.0	1.0	0.0	 2
4.2480009396947284e-07	99996.0	2.0	0.0	 2
5.17590871924028e-07	99994.0	3.0	0.0	 2
9.1049436793335e-07	99992.0	4.0	0.0	 2
1.1790766394363655e-06	99990.0	5.0	0.0	 2
1.4227148884048713e-06	99988.0	6.0	0.0	 2
1.4821041861163894e-06	99986.0	7.0	0.0	 2
1.4850650937407825e-06	99984.0	8.0	0.0	 2
1.7038698650922435e-06	99982.0	9.0	0.0	 2
1.7096345630329225e-06	99980.0	10.0	0.0	 2
2.0271656469828313e-06	99978.0	11.0	0.0	 2
2.1230011480430007e-06	99976.0	12.0	0.0	 2
2.1537326061259573e-06	99975.0	12.0	0.0	 1
2.2600998117156607e-06	99973.0	13.0	0.0	 2
2.3476515697598753e-06	99971.0	14.0	0.0	 2
2.492070721851342e-06	99969.0	15.0	0.0	 2
2.7726985803801514e-06	99967.0	16.0	0.0	 2
3.0203349676155393e-06	99965.0	17.0	0.0	 2
3.022206342262197e-06	99963.0	18.0	0.0	 2
3.1187413373678548e-06	99961.0	19.0	0.0	 2
3.346091971409634e-06	99959.0	20.0	0.0	 2
3.372442938979914e-06	99957.0	21.0	0.0	 2
3.5575004390542633e-06	99955.0	22.0	0.0	 2
3.5846356115309614e-06	99953.0	23.0	0.0	 2
3.662353472999701e-06	99951.0	24.0	0.0	 2
3.700048602533634e-06	99949.0	25.0	0.0	 2
3.856708501661181e-06	99947.0	26.0	0.0	 2
4.054283209404433e-06	99945.0	27.0	0.0	 2
4.124730063175732e-06	99943.0	28.0	0.0	 2
4.186616965473479e-06	99941.0	29.0	0.0	 2
4.2159168352152285e-06	99939.0	30.0	0.0	 2
4.300492498001724e-06	99937.0	31.0	0.0	 2
4.306600166603075e-06	99935.0	32.0	0.0	 2
4.507400203226044e-06	99933.0	33.0	0.0	 2
4.5919934288745316e-06	99931.0	34.0	0.0	 2
4.746711732410345e-06	99929.0	35.0	0.0	 2
4.768229809160239e-06	99927.0	36.0	0.0	 2
5.299213201683397e-06	99925.0	37.0	0.0	 2
5.423933662324577e-06	99923.0	38.0	0.0	 2
5.829280547174013e-06	99921.0	39.0	0.0	 2
5.891415293977898e-06	99919.0	40.0	0.0	 2
6.05435883965342e-06	99917.0	41.0	0.0	 2
6.137975740982021e-06	99915.0	42.0	0.0	 2
6.188152996475445e-06	99913.0	43.0	0.0	 2
6.3294484026898846e-06	99911.0	44.0	0.0	 2
6.688201763759137e-06	99909.0	45.0	0.0	 2
6.895839318670103e-06	99907.0	46.0	0.0	 2
6.953362138297539e-06	99905.0	47.0	0.0	 2
6.971778891759467e-06	99903.0	48.0	0.0	 2
6.983327525555611e-06	99901.0	49.0	0.0	 2
7.007241705634088e-06	99899.0	50.0	0.0	 2
7.010820219861556e-06	99897.0	51.0	0.0	 2
7.0226303107003755e-06	99895.0	52.0	0.0	 2
7.044710332260204e-06	99893.0	53.0	0.0	 2
7.077787446302342e-06	99891.0	54.0	0.0	 2
7.090296861515281e-06	99889.0	55.0	0.0	 2
7.208829187272964e-06	99887.0	56.0	0.0	 2
7.28205992445243e-06	99885.0	57.0	0.0	 2
7.3137528658042e-06	99883.0	58.0	0.0	 2
7.320833846872084e-06	99881.0	59.0	0.0	 2
7.533849203816398e-06	99879.0	60.0	0.0	 2
7.591880832409475e-06	99877.0	61.0	0.0	 2
7.608459758555108e-06	99875.0	62.0	0.0	 2
7.636215313315621e-06	99873.0	63.0	0.0	 2
7.744914580494113e-06	99871.0	64.0	0.0	 2
7.895836759925238e-06	99869.0	65.0	0.0	 2
7.956344051699765e-06	99867.0	66.0	0.0	 2
8.017339177710493e-06	99865.0	67.0	0.0	 2
8.141360191550365e-06	99863.0	68.0	0.0	 2
8.17629618185823e-06	99861.0	69.0	0.0	 2
8.309156562328436e-06	99859.0	70.0	0.0	 2
8.36025976064157e-06	99857.0	71.0	0.0	 2
8.405751891285719e-06	99855.0	72.0	0.0	 2
8.460737985852392e-06	99853.0	73.0	0.0	 2
8.560838932209102e-06	99851.0	74.0	0.0	 2
8.635986760146039e-06	99849.0	75.0	0.0	 2
8.73173634851195e-06	99847.0	76.0	0.0	 2
8.734784084177327e-06	99845.0	77.0	0.0	 2
8.773977189733252e-06	99843.0	78.0	0.0	 2
8.95446360705001e-06	99841.0	79.0	0.0	 2
9.10486781614502e-06	99839.0	80.0	0.0	 2
9.163039087400092e-06	99837.0	81.0	0.0	 2
9.32827276826345e-06	99835.0	82.0	0.0	 2
9.440703139777363e-06	99833.0	83.0	0.0	 2
9.633686037093755e-06	99831.0	84.0	0.0	 2
9.637185622094868e-06	99829.0	85.0	0.0	 2
9.647954020659207e-06	99827.0	86.0	0.0	 2
9.694818597735028e-06	99825.0	87.0	0.0	 2
9.709786188534934e-06	99823.0	88.0	0.0	 2
9.712071449957292e-06	99821.0	89.0	0.0	 2
9.717593781106764e-06	99819.0	90.0	0.0	 2
1.0088480461816495e-05	99817.0	91.0	0.0	 2
1.0168482442032126e-05	99815.0	92.0	0.0	 2
1.0245110427687483e-05	99813.0	93.0	0.0	 2
1.0299704473507157e-05	99811.0	94.0	0.0	 2
1.0676163816015753e-05	99809.0	95.0	0.0	 2
1.0761228202790209e-05	99807.0	96.0	0.0	 2
1.0928632579283188e-05	99805.0	97.0	0.0	 2
1.097388120369562e-05	99803.0	98.0	0.0	 2
1.099328773952035e-05	99801.0	99.0	0.0	 2
1.1118962222468275e-05	99799.0	100.0	0.0	 2
1.1126008043232308e-05	99797.0	101.0	0.0	 2
1.1258403854597098e-05	99795.0	102.0	0.0	 2
1.131302405120362e-05	99793.0	103.0	0.0	 2
1.14825705221026e-05	99791.0	104.0	0.0	 2
1.1534450083049176e-05	99789.0	105.0	0.0	 2
1.163129788327902e-05	99787.0	106.0	0.0	 2
1.1887439157362478e-05	99785.0	107.0	0.0	 2
1.1980490763598473e-05	99783.0	108.0	0.0	 2
1.1982843368618316e-05	99781.0	109.0	0.0	 2
1.2072745107808463e-05	99779.0	110.0	0.0	 2
1.2101225202638996e-05	99777.0	111.0	0.0	 2
1.230042826797324e-05	99775.0	112.0	0.0	 2
1.2356146875185886e-05	99773.0	113.0	0.0	 2
1.244171998418743e-05	99771.0	114.0	0.0	 2
1.247712215316282e-05	99769.0	115.0	0.0	 2
1.250315192531781e-05	99767.0	116.0	0.0	 2
1.2776471266849139e-05	99765.0	117.0	0.0	 2
1.2809722362359731e-05	99763.0	118.0	0.0	 2
1.296271075710379e-05	99761.0	119.0	0.0	 2
1.3039406493416132e-05	99759.0	120.0	0.0	 2
1.3260814784226782e-05	99757.0	121.0	0.0	 2
1.3335331754833828e-05	99755.0	122.0	0.0	 2
1.3463666007721857e-05	99753.0	123.0	0.0	 2
1.3470219920452659e-05	99751.0	124.0	0.0	 2
1.3771514119512639e-05	99749.0	125.0	0.0	 2
1.377214810057168e-05	99747.0	126.0	0.0	 2
1.389867529208307e-05	99745.0	127.0	0.0	 2
1.4035541179528132e-05	99743.0	128.0	0.0	 2
1.4119276897882229e-05	99741.0	129.0	0.0	 2
1.4369911781723877e-05	99739.0	130.0	0.0	 2
1.456094496214475e-05	99737.0	131.0	0.0	 2
1.4759676881944206e-05	99735.0	132.0	0.0	 2
1.4944330897655038e-05	99733.0	133.0	0.0	 2
1.5021082047422163e-05	99731.0	134.0	0.0	 2
1.5320862399626042e-05	99729.0	135.0	0.0	 2
1.545407859939163e-05	99727.0	136.0	0.0	 2
1.546470180690595e-05	99725.0	137.0	0.0	 2
1.5570104191107637e-05	99723.0	138.0	0.0	 2
1.5575226488769626e-05	99721.0	139.0	0.0	 2
1.5615549790538435e-05	99719.0	140.0	0.0	 2
1.5617545447431758e-05	99717.0	141.0	0.0	 2
1.5943726357708064e-05	99715.0	142.0	0.0	 2
1.6028953122017125e-05	99713.0	143.0	0.0	 2
1.606164801172985e-05	99711.0	144.0	0.0	 2
1.61426204888357e-05	99709.0	145.0	0.0	 2
1.6254676347808506e-05	99707.0	146.0	0.0	 2
1.627099570556805e-05	99705.0	147.0	0.0	 2
1.6313676624674317e-05	99703.0	148.0	0.0	 2
1.6358771833558104e-05	99701.0	149.0	0.0	 2
1.6437936217183285e-05	99699.0	150.0	0.0	 2
1.6466230138814145e-05	99697.0	151.0	0.0	 2
1.656524934732407e-05	99695.0	152.0	0.0	 2
1.6691658424781077e-05	99693.0	153.0	0.0	 2
1.6714504372335648e-05	99691.0	154.0	0.0	 2
1.6758628991470302e-05	99689.0	155.0	0.0	 2
1.7102690310655595e-05	99687.0	156.0	0.0	 2
1.7112351978514594e-05	99685.0	157.0	0.0	 2
1.712700097941046e-05	99683.0	158.0	0.0	 2
1.7243358201752037e-05	99681.0	159.0	0.0	 2
1.741922599776911e-05	99679.0	160.0	0.0	 2
1.7481594834969327e-05	99677.0	161.0	0.0	 2
1.7485724670252604e-05	99675.0	162.0	0.0	 2
1.7503670041079815e-05	99673.0	163.0	0.0	 2
1.7503702064252377e-05	99671.0	164.0	0.0	 2
1.7544454056719314e-05	99669.0	165.0	0.0	 2
1.8029412228846405e-05	99667.0	166.0	0.0	 2
1.8115263637042436e-05	99665.0	167.0	0.0	 2
1.8189303494514816e-05	99663.0	168.0	0.0	 2
1.825961366743551e-05	99661.0	169.0	0.0	 2
1.8728308862846158e-05	99659.0	170.0	0.0	 2
1.8896249729625996e-05	99657.0	171.0	0.0	 2
1.8976601545292876e-05	99655.0	172.0	0.0	 2
1.9041419179593915e-05	99653.0	173.0	0.0	 2
1.9090438543206796e-05	99651.0	174.0	0.0	 2
1.9107047147009002e-05	99649.0	175.0	0.0	 2
1.9286624579681924e-05	99647.0	176.0	0.0	 2
1.9420427233365765e-05	99645.0	177.0	0.0	 2
1.9442807102171298e-05	99643.0	178.0	0.0	 2
1.9465632645102457e-05	99641.0	179.0	0.0	 2
1.9567182475816213e-05	99639.0	180.0	0.0	 2
1.962648082061345e-05	99637.0	181.0	0.0	 2
1.975617589424562e-05	99635.0	182.0	0.0	 2
1.990408065818729e-05	99633.0	183.0	0.0	 2
1.998985353208715e-05	99631.0	184.0	0.0	 2
2.0009172622264635e-05	99629.0	185.0	0.0	 2
2.0090739932483163e-05	99627.0	186.0	0.0	 2
2.021097062335875e-05	99625.0	187.0	0.0	 2
2.0245715280382575e-05	99623.0	188.0	0.0	 2
2.030726194433293e-05	99621.0	189.0	0.0	 2
2.039456032921242e-05	99619.0	190.0	0.0	 2
2.042745690422118e-05	99617.0	191.0	0.0	 2
2.061446392862578e-05	99615.0	192.0	0.0	 2
2.065509534249149e-05	99613.0	193.0	0.0	 2
2.0669563671306582e-05	99611.0	194.0	0.0	 2
2.078206422260181e-05	99609.0	195.0	0.0	 2
2.0924359910956942e-05	99607.0	196.0	0.0	 2
2.0951726514960205e-05	99605.0	197.0	0.0	 2
2.098354465881208e-05	99603.0	198.0	0.0	 2
2.1127010934406476e-05	99601.0	199.0	0.0	 2
2.146765792751928e-05	99599.0	200.0	0.0	 2
2.147953049196616e-05	99597.0	201.0	0.0	 2
2.1591215475043933e-05	99595.0	202.0	0.0	 2
2.166458660620563e-05	99593.0	203.0	0.0	 2
2.1700277098989847e-05	99591.0	204.0	0.0	 2
2.181901542894596e-05	99589.0	205.0	0.0	 2
2.1853565247502534e-05	99587.0	206.0	0.0	 2
2.1876050136865907e-05	99585.0	207.0	0.0	 2
2.2143611144647768e-05	99583.0	208.0	0.0	 2
2.2242672745478098e-05	99581.0	209.0	0.0	 2
2.2371328037973626e-05	99579.0	210.0	0.0	 2
2.2433213965852438e-05	99577.0	211.0	0.0	 2
2.245006552012717e-05	99575.0	212.0	0.0	 2
2.2475462155913908e-05	99573.0	213.0	0.0	 2
2.259605688803154e-05	99571.0	214.0	0.0	 2
2.2608601070373952e-05	99569.0	215.0	0.0	 2
2.2626556414679014e-05	99567.0	216.0	0.0	 2
2.2651017935570893e-05	99565.0	217.0	0.0	 2
2.272538089075922e-05	99563.0	218.0	0.0	 2
2.2750631190704122e-05	99561.0	219.0	0.0	 2
2.2774905916806637e-05	99559.0	220.0	0.0	 2
2.2978166923069408e-05	99557.0	221.0	0.0	 2
2.2991874133909287e-05	99555.0	222.0	0.0	 2
2.3013735500121797e-05	99553.0	223.0	0.0	 2
2.3041163279416363e-05	99551.0	224.0	0.0	 2
2.3142712237974114e-05	99549.0	225.0	0.0	 2
2.3238522687655677e-05	99547.0	226.0	0.0	 2
2.3435436321467192e-05	99545.0	227.0	0.0	 2
2.352518370900647e-05	99543.0	228.0	0.0	 2
2.3791263438529644e-05	99541.0	229.0	0.0	 2
2.406502903346788e-05	99539.0	230.0	0.0	 2
2.4167598341040743e-05	99537.0	231.0	0.0	 2
2.4211282929759166e-05	99535.0	232.0	0.0	 2
2.4211991771640628e-05	99533.0	233.0	0.0	 2
2.4332951807760896e-05	99531.0	234.0	0.0	 2
2.461922278274053e-05	99529.0	235.0	0.0	 2
2.4633650102857854e-05	99527.0	236.0	0.0	 2
2.4739577839076475e-05	99526.0	236.0	0.0	 1
2.4786950146853177e-05	99524.0	237.0	0.0	 2
2.486366538173067e-05	99522.0	238.0	0.0	 2
2.4947455036552658e-05	99520.0	239.0	0.0	 2
2.4999639043957073e-05	99518.0	240.0	0.0	 2
2.522402156122169e-05	99516.0	241.0	0.0	 2
2.5452984981799848e-05	99514.0	242.0	0.0	 2
2.5691004695386568e-05	99512.0	243.0	0.0	 2
2.604316589668847e-05	99510.0	244.0	0.0	 2
2.6292815885654188e-05	99508.0	245.0	0.0	 2
2.631176993696569e-05	99506.0	246.0	0.0	 2
2.6399432284554333e-05	99504.0	247.0	0.0	 2
2.6429731722457084e-05	99502.0	248.0	0.0	 2
2.650934009505139e-05	99500.0	249.0	0.0	 2
2.675973220578343e-05	99498.0	250.0	0.0	 2
2.680447766346978e-05	99496.0	251.0	0.0	 2
2.6965294535149485e-05	99494.0	252.0	0.0	 2
2.708406715702464e-05	99492.0	253.0	0.0	 2
2.7124967897349854e-05	99490.0	254.0	0.0	 2
2.712897678513493e-05	99488.0	255.0	0.0	 2
2.7264432172847753e-05	99486.0	256.0	0.0	 2
2.761356107989996e-05	99484.0	257.0	0.0	 2
2.7697591078364486e-05	99482.0	258.0	0.0	 2
2.780452965920348e-05	99480.0	259.0	0.0	 2
2.792574988589577e-05	99478.0	260.0	0.0	 2
2.8103529942236495e-05	99476.0	261.0	0.0	 2
2.8218137519684157e-05	99474.0	262.0	0.0	 2
2.8287239821582032e-05	99472.0	263.0	0.0	 2
2.8609128347667286e-05	99470.0	264.0	0.0	 2
2.8932893115348733e-05	99468.0	265.0	0.0	 2
2.896598365522308e-05	99466.0	266.0	0.0	 2
2.9090600966139565e-05	99464.0	267.0	0.0	 2
2.9164137250097244e-05	99462.0	268.0	0.0	 2
2.9347493100201993e-05	99460.0	269.0	0.0	 2
2.9480836979230595e-05	99458.0	270.0	0.0	 2
2.948981606467523e-05	99456.0	271.0	0.0	 2
2.9840130307630563e-05	99454.0	272.0	0.0	 2
3.000991190190015e-05	99452.0	273.0	0.0	 2
3.0119956939902482e-05	99450.0	274.0	0.0	 2
3.0206615490625262e-05	99448.0	275.0	0.0	 2
3.0285101866891677e-05	99446.0	276.0	0.0	 2
3.030247056278243e-05	99444.0	277.0	0.0	 2
3.03155099520965e-05	99442.0	278.0	0.0	 2
3.0591018287800086e-05	99440.0	279.0	0.0	 2
3.067048262932787e-05	99438.0	280.0	0.0	 2
3.0982169334955166e-05	99436.0	281.0	0.0	 2
3.1007812232762266e-05	99434.0	282.0	0.0	 2
3.102551284367357e-05	99432.0	283.0	0.0	 2
3.115772561962461e-05	99430.0	284.0	0.0	 2
3.123737555536684e-05	99428.0	285.0	0.0	 2
3.131544008529486e-05	99426.0	286.0	0.0	 2
3.1357930757358134e-05	99424.0	287.0	0.0	 2
3.139107603591956e-05	99422.0	288.0	0.0	 2
3.160354010359955e-05	99420.0	289.0	0.0	 2
3.172065388116338e-05	99418.0	290.0	0.0	 2
3.186363252287914e-05	99416.0	291.0	0.0	 2
3.2041910538644e-05	99414.0	292.0	0.0	 2
3.2228385919079087e-05	99412.0	293.0	0.0	 2
3.23819018455847e-05	99410.0	294.0	0.0	 2
3.241177677232028e-05	99408.0	295.0	0.0	 2
3.260501061017975e-05	99406.0	296.0	0.0	 2
3.267030952481532e-05	99404.0	297.0	0.0	 2
3.271037329738941e-05	99402.0	298.0	0.0	 2
3.280727477155619e-05	99400.0	299.0	0.0	 2
3.302180075969448e-05	99398.0	300.0	0.0	 2
3.321443877579412e-05	99396.0	301.0	0.0	 2
3.3281047928235784e-05	99394.0	302.0	0.0	 2
3.35231360904731e-05	99392.0	303.0	0.0	 2
3.362929159851312e-05	99390.0	304.0	0.0	 2
3.388035098324217e-05	99388.0	305.0	0.0	 2
3.388307916801694e-05	99386.0	306.0	0.0	 2
3.412864804027119e-05	99384.0	307.0	0.0	 2
3.415029197672294e-05	99382.0	308.0	0.0	 2
3.416528624895456e-05	99380.0	309.0	0.0	 2
3.4260184617240394e-05	99378.0	310.0	0.0	 2
3.427463551454721e-05	99376.0	311.0	0.0	 2
3.4369193882442506e-05	99374.0	312.0	0.0	 2
3.440452789320089e-05	99372.0	313.0	0.0	 2
3.4468738488521903e-05	99370.0	314.0	0.0	 2
3.447630624404645e-05	99368.0	315.0	0.0	 2
3.447975671051101e-05	99366.0	316.0	0.0	 2
3.4499506534948015e-05	99364.0	317.0	0.0	 2
3.4558543758881546e-05	99362.0	318.0	0.0	 2
3.459729657425082e-05	99360.0	319.0	0.0	 2
3.4712374667722854e-05	99358.0	320.0	0.0	 2
3.472706851507637e-05	99356.0	321.0	0.0	 2
3.478164574370639e-05	99354.0	322.0	0.0	 2
3.480100536366425e-05	99352.0	323.0	0.0	 2
3.4927526667225794e-05	99350.0	324.0	0.0	 2
3.539229982811559e-05	99348.0	325.0	0.0	 2
3.570590737826422e-05	99346.0	326.0	0.0	 2
3.573281618635746e-05	99344.0	327.0	0.0	 2
3.5921029898869585e-05	99342.0	328.0	0.0	 2
3.6120526074938325e-05	99340.0	329.0	0.0	 2
3.621460507381772e-05	99338.0	330.0	0.0	 2
3.627931815954396e-05	99336.0	331.0	0.0	 2
3.6349773336355863e-05	99334.0	332.0	0.0	 2
3.6570145343649765e-05	99332.0	333.0	0.0	 2
3.658972855313494e-05	99330.0	334.0	0.0	 2
3.673480776202941e-05	99328.0	335.0	0.0	 2
3.683628131697103e-05	99326.0	336.0	0.0	 2
3.6988212133327694e-05	99324.0	337.0	0.0	 2
3.723368966281984e-05	99322.0	338.0	0.0	 2
3.7234590662039925e-05	99320.0	339.0	0.0	 2
3.726012604880825e-05	99318.0	340.0	0.0	 2
3.726627040116831e-05	99316.0	341.0	0.0	 2
3.733541898560838e-05	99314.0	342.0	0.0	 2
3.746638062200567e-05	99312.0	343.0	0.0	 2
3.750745546879221e-05	99310.0	344.0	0.0	 2
3.752906725400575e-05	99308.0	345.0	0.0	 2
3.764755974768422e-05	99306.0	346.0	0.0	 2
3.7648643816162176e-05	99304.0	347.0	0.0	 2
3.773764905304287e-05	99302.0	348.0	0.0	 2
3.792785621841724e-05	99300.0	349.0	0.0	 2
3.7942285327013546e-05	99298.0	350.0	0.0	 2
3.79979934934152e-05	99296.0	351.0	0.0	 2
3.8211537562209966e-05	99294.0	352.0	0.0	 2
3.837515116326224e-05	99292.0	353.0	0.0	 2
3.8455873208423283e-05	99290.0	354.0	0.0	 2
3.848257792520237e-05	99288.0	355.0	0.0	 2
3.868508771677415e-05	99286.0	356.0	0.0	 2
3.870574880371837e-05	99284.0	357.0	0.0	 2
3.871617150916755e-05	99282.0	358.0	0.0	 2
3.878502369773357e-05	99280.0	359.0	0.0	 2
3.879351896498455e-05	99278.0	360.0	0.0	 2
3.881462744065664e-05	99276.0	361.0	0.0	 2
3.888259622219072e-05	99274.0	362.0	0.0	 2
3.89057068628245e-05	99272.0	363.0	0.0	 2
3.902249159213842e-05	99270.0	364.0	0.0	 2
3.9115348602786897e-05	99268.0	365.0	0.0	 2
3.91645913299025e-05	99266.0	366.0	0.0	 2
3.9199219948770916e-05	99264.0	367.0	0.0	 2
3.924312214446445e-05	99262.0	368.0	0.0	 2
3.92474278737819e-05	99260.0	369.0	0.0	 2
3.927023769487559e-05	99258.0	370.0	0.0	 2
3.934667983864563e-05	99256.0	371.0	0.0	 2
3.936807259381849e-05	99254.0	372.0	0.0	 2
3.942121495139547e-05	99252.0	373.0	0.0	 2
3.942714528201858e-05	99250.0	374.0	0.0	 2
3.9531634592970205e-05	99248.0	375.0	0.0	 2
3.9640216802394505e-05	99246.0	376.0	0.0	 2
3.967637337574959e-05	99244.0	377.0	0.0	 2
3.9846922943789724e-05	99242.0	378.0	0.0	 2
4.0005835758434634e-05	99240.0	379.0	0.0	 2
4.000707188297131e-05	99238.0	380.0	0.0	 2
4.031078861413633e-05	99236.0	381.0	0.0	 2
4.0359470962666805e-05	99234.0	382.0	0.0	 2
4.045853175979137e-05	99232.0	383.0	0.0	 2
4.051148316199723e-05	99230.0	384.0	0.0	 2
4.0523542700866795e-05	99228.0	385.0	0.0	 2
4.0612664365426446e-05	99226.0	386.0	0.0	 2
4.0624485269754524e-05	99224.0	387.0	0.0	 2
4.078395784069612e-05	99223.0	387.0	0.0	 1
4.079541555488086e-05	99221.0	388.0	0.0	 2
4.079842804927037e-05	99219.0	389.0	0.0	 2
4.086289586973377e-05	99217.0	390.0	0.0	 2
4.105524153217842e-05	99215.0	391.0	0.0	 2
4.113322646175512e-05	99213.0	392.0	0.0	 2
4.131154952711418e-05	99211.0	393.0	0.0	 2
4.134359153894996e-05	99209.0	394.0	0.0	 2
4.1459939622744714e-05	99207.0	395.0	0.0	 2
4.148561747842405e-05	99205.0	396.0	0.0	 2
4.167076405339146e-05	99203.0	397.0	0.0	 2
4.1884980728588605e-05	99201.0	398.0	0.0	 2
4.224283341818618e-05	99199.0	399.0	0.0	 2
4.234767750731893e-05	99197.0	400.0	0.0	 2
4.247165902823797e-05	99195.0	401.0	0.0	 2
4.2855252386542853e-05	99193.0	402.0	0.0	 2
4.292772208937628e-05	99191.0	403.0	0.0	 2
4.322674853989647e-05	99189.0	404.0	0.0	 2
4.3255289605390896e-05	99187.0	405.0	0.0	 2
4.3523427051440844e-05	99185.0	406.0	0.0	 2
4.355958000546789e-05	99183.0	407.0	0.0	 2
4.372776991400947e-05	99181.0	408.0	0.0	 2
4.3745525024481466e-05	99179.0	409.0	0.0	 2
4.377253580570447e-05	99177.0	410.0	0.0	 2
4.3853422852821045e-05	99175.0	411.0	0.0	 2
4.399389328779088e-05	99173.0	412.0	0.0	 2
4.3995897678595006e-05	99171.0	413.0	0.0	 2
4.401517852496583e-05	99169.0	414.0	0.0	 2
4.4048834282195576e-05	99167.0	415.0	0.0	 2
4.409153737299977e-05	99165.0	416.0	0.0	 2
4.416362096546936e-05	99163.0	417.0	0.0	 2
4.446376897006107e-05	99161.0	418.0	0.0	 2
4.4797495050086785e-05	99159.0	419.0	0.0	 2
4.489188418391983e-05	99157.0	420.0	0.0	 2
4.496510293753283e-05	99155.0	421.0	0.0	 2
4.5110845674345215e-05	99153.0	422.0	0.0	 2
4.5172511641151715e-05	99151.0	423.0	0.0	 2
4.520081547183566e-05	99149.0	424.0	0.0	 2
4.527935979958188e-05	99147.0	425.0	0.0	 2
4.5385652941644397e-05	99145.0	426.0	0.0	 2
4.562658159634133e-05	99143.0	427.0	0.0	 2
4.5714712865943125e-05	99141.0	428.0	0.0	 2
4.5765621942838145e-05	99139.0	429.0	0.0	 2
4.582722337888191e-05	99137.0	430.0	0.0	 2
4.594899204792316e-05	99135.0	431.0	0.0	 2
4.6210830208668156e-05	99133.0	432.0	0.0	 2
4.6418132466070057e-05	99131.0	433.0	0.0	 2
4.663651939046248e-05	99129.0	434.0	0.0	 2
4.6637654565070624e-05	99127.0	435.0	0.0	 2
4.673823130927495e-05	99125.0	436.0	0.0	 2
4.690004818690925e-05	99123.0	437.0	0.0	 2
4.7045335155797905e-05	99121.0	438.0	0.0	 2
4.709615807259203e-05	99119.0	439.0	0.0	 2
4.7282356679772366e-05	99117.0	440.0	0.0	 2
4.734219340889846e-05	99115.0	441.0	0.0	 2
4.7455320512866734e-05	99113.0	442.0	0.0	 2
4.750506721551573e-05	99111.0	443.0	0.0	 2
4.7543222631710724e-05	99109.0	444.0	0.0	 2
4.767354098352344e-05	99107.0	445.0	0.0	 2
4.77558042268209e-05	99105.0	446.0	0.0	 2
4.778791195394394e-05	99103.0	447.0	0.0	 2
4.793391368400804e-05	99101.0	448.0	0.0	 2
4.802439155102023e-05	99099.0	449.0	0.0	 2
4.808126793011475e-05	99097.0	450.0	0.0	 2
4.8233063144183706e-05	99095.0	451.0	0.0	 2
4.829340680732998e-05	99093.0	452.0	0.0	 2
4.8316799410186176e-05	99091.0	453.0	0.0	 2
4.8387848980990316e-05	99089.0	454.0	0.0	 2
4.842634993923262e-05	99087.0	455.0	0.0	 2
4.8428859203449854e-05	99085.0	456.0	0.0	 2
4.844906037848176e-05	99083.0	457.0	0.0	 2
4.84520588635897e-05	99081.0	458.0	0.0	 2
4.852176057520286e-05	99079.0	459.0	0.0	 2
4.89033817412867e-05	99077.0	460.0	0.0	 2
4.900454429218898e-05	99075.0	461.0	0.0	 2
4.9078995798492025e-05	99073.0	462.0	0.0	 2
4.9088173669893206e-05	99071.0	463.0	0.0	 2
4.912168857453406e-05	99069.0	464.0	0.0	 2
4.9152832432669995e-05	99067.0	465.0	0.0	 2
4.9272404468390135e-05	99065.0	466.0	0.0	 2
4.930183782540132e-05	99063.0	467.0	0.0	 2
4.935083952063876e-05	99061.0	468.0	0.0	 2
4.936250733673522e-05	99059.0	469.0	0.0	 2
4.9414823657401145e-05	99057.0	470.0	0.0	 2
4.952786167543013e-05	99055.0	471.0	0.0	 2
4.990910926313953e-05	99053.0	472.0	0.0	 2
5.0067784972745056e-05	99051.0	473.0	0.0	 2
5.008851674054949e-05	99049.0	474.0	0.0	 2
5.013558266832715e-05	99047.0	475.0	0.0	 2
5.0203196227818195e-05	99045.0	476.0	0.0	 2
5.033854266075094e-05	99043.0	477.0	0.0	 2
5.034967125955569e-05	99041.0	478.0	0.0	 2
5.048805306036016e-05	99039.0	479.0	0.0	 2
5.050146444456617e-05	99037.0	480.0	0.0	 2
5.051846380449422e-05	99035.0	481.0	0.0	 2
5.054709211360747e-05	99033.0	482.0	0.0	 2
5.063853384615121e-05	99031.0	483.0	0.0	 2
5.065654757510458e-05	99029.0	484.0	0.0	 2
5.087815870151227e-05	99027.0	485.0	0.0	 2
5.090894402982238e-05	99025.0	486.0	0.0	 2
5.09346758083798e-05	99023.0	487.0	0.0	 2
5.103482213516176e-05	99021.0	488.0	0.0	 2
5.1418582909042264e-05	99019.0	489.0	0.0	 2
5.1452559532048625e-05	99017.0	490.0	0.0	 2
5.151894229985067e-05	99015.0	491.0	0.0	 2
5.176273036416337e-05	99013.0	492.0	0.0	 2
5.188279876206264e-05	99011.0	493.0	0.0	 2
5.200813515551567e-05	99009.0	494.0	0.0	 2
5.202251010659665e-05	99007.0	495.0	0.0	 2
5.206710965562261e-05	99005.0	496.0	0.0	 2
5.2140241650518374e-05	99003.0	497.0	0.0	 2
5.223413920373279e-05	99001.0	498.0	0.0	 2
5.2324761206065075e-05	98999.0	499.0	0.0	 2
5.234629252723047e-05	98997.0	500.0	0.0	 2
5.2418179304966035e-05	98995.0	501.0	0.0	 2
5.251357814915485e-05	98993.0	502.0	0.0	 2
5.262245177663067e-05	98991.0	503.0	0.0	 2
5.2634897602112054e-05	98989.0	504.0	0.0	 2
5.281798060133192e-05	98987.0	505.0	0.0	 2
5.284280172169337e-05	98985.0	506.0	0.0	 2
5.28497301408543e-05	98983.0	507.0	0.0	 2
5.2858804458388394e-05	98981.0	508.0	0.0	 2
5.2867225775649526e-05	98979.0	509.0	0.0	 2
5.293390127165712e-05	98977.0	510.0	0.0	 2
5.2957162425463136e-05	98975.0	511.0	0.0	 2
5.2957437038251856e-05	98973.0	512.0	0.0	 2
5.302555355079979e-05	98971.0	513.0	0.0	 2
5.310713124296878e-05	98969.0	514.0	0.0	 2
5.317311194882294e-05	98967.0	515.0	0.0	 2
5.324045976383643e-05	98965.0	516.0	0.0	 2
5.3454005980257014e-05	98963.0	517.0	0.0	 2
5.349948860961733e-05	98961.0	518.0	0.0	 2
5.351334308633077e-05	98959.0	519.0	0.0	 2
5.359413349361018e-05	98957.0	520.0	0.0	 2
5.37328568015555e-05	98955.0	521.0	0.0	 2
5.386753359416634e-05	98953.0	522.0	0.0	 2
5.394462463730135e-05	98951.0	523.0	0.0	 2
5.396313850032121e-05	98949.0	524.0	0.0	 2
5.409597343063565e-05	98947.0	525.0	0.0	 2
5.4188057125976005e-05	98945.0	526.0	0.0	 2
5.4252403378564304e-05	98943.0	527.0	0.0	 2
5.4292389720218304e-05	98941.0	528.0	0.0	 2
5.434888000851016e-05	98939.0	529.0	0.0	 2
5.458286936294462e-05	98937.0	530.0	0.0	 2
5.4729081011810837e-05	98935.0	531.0	0.0	 2
5.486245500296349e-05	98933.0	532.0	0.0	 2
5.491174830576757e-05	98931.0	533.0	0.0	 2
5.49316168648947e-05	98929.0	534.0	0.0	 2
5.4961760093282705e-05	98927.0	535.0	0.0	 2
5.504410182779684e-05	98925.0	536.0	0.0	 2
5.536069906412549e-05	98923.0	537.0	0.0	 2
5.541086071163251e-05	98921.0	538.0	0.0	 2
5.5510952742375724e-05	98919.0	539.0	0.0	 2
5.566072035282936e-05	98917.0	540.0	0.0	 2
5.5663999207314334e-05	98915.0	541.0	0.0	 2
5.5877000406562114e-05	98913.0	542.0	0.0	 2
5.58996813308695e-05	98911.0	543.0	0.0	 2
5.6005728545453244e-05	98909.0	544.0	0.0	 2
5.6124729405601064e-05	98907.0	545.0	0.0	 2
5.6169441161541126e-05	98905.0	546.0	0.0	 2
5.6382819340707047e-05	98903.0	547.0	0.0	 2
5.6410085237450396e-05	98901.0	548.0	0.0	 2
5.645397469352872e-05	98899.0	549.0	0.0	 2
5.649345882882702e-05	98897.0	550.0	0.0	 2
5.681572880232817e-05	98895.0	551.0	0.0	 2
5.684477426879881e-05	98893.0	552.0	0.0	 2
5.6910461130577335e-05	98891.0	553.0	0.0	 2
5.6962860405001086e-05	98889.0	554.0	0.0	 2
5.70382222377345e-05	98887.0	555.0	0.0	 2
5.733501914318309e-05	98885.0	556.0	0.0	 2
5.737026630799197e-05	98883.0	557.0	0.0	 2
5.740109251153416e-05	98881.0	558.0	0.0	 2
5.7522208251851855e-05	98879.0	559.0	0.0	 2
5.755373814161164e-05	98877.0	560.0	0.0	 2
5.7772160880620134e-05	98875.0	561.0	0.0	 2
5.781330183283146e-05	98873.0	562.0	0.0	 2
5.791423839815128e-05	98871.0	563.0	0.0	 2
5.81346242180206e-05	98869.0	564.0	0.0	 2
5.822961719056972e-05	98867.0	565.0	0.0	 2
5.836397080420158e-05	98865.0	566.0	0.0	 2
5.837214096543145e-05	98863.0	567.0	0.0	 2
5.841580842780064e-05	98861.0	568.0	0.0	 2
5.8448573374078014e-05	98859.0	569.0	0.0	 2
5.850883337793645e-05	98857.0	570.0	0.0	 2
5.8665349793620794e-05	98855.0	571.0	0.0	 2
5.875890268750518e-05	98853.0	572.0	0.0	 2
5.888466063538596e-05	98851.0	573.0	0.0	 2
5.893954456359135e-05	98849.0	574.0	0.0	 2
5.9242791774859326e-05	98847.0	575.0	0.0	 2
5.9409596712200335e-05	98845.0	576.0	0.0	 2
5.9415838433258164e-05	98843.0	577.0	0.0	 2
5.9492495538699415e-05	98841.0	578.0	0.0	 2
5.9565521808494366e-05	98839.0	579.0	0.0	 2
5.962772469091848e-05	98837.0	580.0	0.0	 2
5.9964413114302705e-05	98835.0	581.0	0.0	 2
6.002173821045886e-05	98833.0	582.0	0.0	 2
6.004428763815179e-05	98831.0	583.0	0.0	 2
6.019233066951037e-05	98829.0	584.0	0.0	 2
6.0227301469405386e-05	98827.0	585.0	0.0	 2
6.0241834182262974e-05	98825.0	586.0	0.0	 2
6.0508803704100116e-05	98823.0	587.0	0.0	 2
6.0716647452631574e-05	98821.0	588.0	0.0	 2
6.080906112233633e-05	98819.0	589.0	0.0	 2
6.087854863839104e-05	98817.0	590.0	0.0	 2
6.093059701069847e-05	98815.0	591.0	0.0	 2
6.0971544669425653e-05	98813.0	592.0	0.0	 2
6.09736990352216e-05	98811.0	593.0	0.0	 2
6.110066519801605e-05	98809.0	594.0	0.0	 2
6.134598029668418e-05	98807.0	595.0	0.0	 2
6.14875603390928e-05	98805.0	596.0	0.0	 2
6.172577644518446e-05	98803.0	597.0	0.0	 2
6.177260803713196e-05	98801.0	598.0	0.0	 2
6.182361352009635e-05	98799.0	599.0	0.0	 2
6.183658578540462e-05	98797.0	600.0	0.0	 2
6.188418750969525e-05	98795.0	601.0	0.0	 2
6.194254774956474e-05	98793.0	602.0	0.0	 2
6.202010369860861e-05	98791.0	603.0	0.0	 2
6.206595276220126e-05	98789.0	604.0	0.0	 2
6.208404498904872e-05	98787.0	605.0	0.0	 2
6.215953420189078e-05	98785.0	606.0	0.0	 2
6.221890227448053e-05	98783.0	607.0	0.0	 2
6.235982120822836e-05	98781.0	608.0	0.0	 2
6.237139224518606e-05	98779.0	609.0	0.0	 2
6.24387037943298e-05	98777.0	610.0	0.0	 2
6.248393706511682e-05	98775.0	611.0	0.0	 2
6.248559682995144e-05	98773.0	612.0	0.0	 2
6.253528928897805e-05	98771.0	613.0	0.0	 2
6.253841394799894e-05	98769.0	614.0	0.0	 2
6.269971280441756e-05	98767.0	615.0	0.0	 2
6.28102342507159e-05	98765.0	616.0	0.0	 2
6.288292892870147e-05	98763.0	617.0	0.0	 2
6.293812094774692e-05	98761.0	618.0	0.0	 2
6.298946154516917e-05	98759.0	619.0	0.0	 2
6.332617767867704e-05	98757.0	620.0	0.0	 2
6.334966095851404e-05	98755.0	621.0	0.0	 2
6.339640157015364e-05	98753.0	622.0	0.0	 2
6.347619238202302e-05	98751.0	623.0	0.0	 2
6.350551123939862e-05	98749.0	624.0	0.0	 2
6.362834801522796e-05	98747.0	625.0	0.0	 2
6.38809741890055e-05	98745.0	626.0	0.0	 2
6.406842722574038e-05	98743.0	627.0	0.0	 2
6.425999020010771e-05	98741.0	628.0	0.0	 2
6.428299662441119e-05	98739.0	629.0	0.0	 2
6.439835587254883e-05	98737.0	630.0	0.0	 2
6.448278711313137e-05	98735.0	631.0	0.0	 2
6.473033066932996e-05	98733.0	632.0	0.0	 2
6.485978137789157e-05	98731.0	633.0	0.0	 2
6.507864917536338e-05	98729.0	634.0	0.0	 2
6.512145671656073e-05	98727.0	635.0	0.0	 2
6.52055428946596e-05	98725.0	636.0	0.0	 2
6.542523166319513e-05	98723.0	637.0	0.0	 2
6.56467051201937e-05	98721.0	638.0	0.0	 2
6.567071276929031e-05	98719.0	639.0	0.0	 2
6.569157980945272e-05	98717.0	640.0	0.0	 2
6.57815484410035e-05	98715.0	641.0	0.0	 2
6.599100226019026e-05	98713.0	642.0	0.0	 2
6.615777808800491e-05	98711.0	643.0	0.0	 2
6.621695497881481e-05	98709.0	644.0	0.0	 2
6.633947200075111e-05	98707.0	645.0	0.0	 2
6.642804769982131e-05	98705.0	646.0	0.0	 2
6.645819593134392e-05	98703.0	647.0	0.0	 2
6.655100280314111e-05	98701.0	648.0	0.0	 2
6.683224741777057e-05	98699.0	649.0	0.0	 2
6.68547516716536e-05	98697.0	650.0	0.0	 2
6.711077511128879e-05	98695.0	651.0	0.0	 2
6.732294577388209e-05	98693.0	652.0	0.0	 2
6.768388283674582e-05	98691.0	653.0	0.0	 2
6.772054980086924e-05	98689.0	654.0	0.0	 2
6.773824365541255e-05	98687.0	655.0	0.0	 2
6.782586283631247e-05	98685.0	656.0	0.0	 2
6.793446531055864e-05	98684.0	656.0	0.0	 1
6.795655358423803e-05	98682.0	657.0	0.0	 2
6.818583234776104e-05	98680.0	658.0	0.0	 2
6.822600293638464e-05	98678.0	659.0	0.0	 2
6.836025532015734e-05	98676.0	660.0	0.0	 2
6.858217626820759e-05	98674.0	661.0	0.0	 2
6.870987480789113e-05	98672.0	662.0	0.0	 2
6.882741303461031e-05	98670.0	663.0	0.0	 2
6.887937608187097e-05	98668.0	664.0	0.0	 2
6.889931581884413e-05	98666.0	665.0	0.0	 2
6.894526004854811e-05	98664.0	666.0	0.0	 2
6.918139335972045e-05	98662.0	667.0	0.0	 2
6.918302562086158e-05	98660.0	668.0	0.0	 2
6.93279070416978e-05	98658.0	669.0	0.0	 2
6.93627316783152e-05	98656.0	670.0	0.0	 2
6.941282886040763e-05	98654.0	671.0	0.0	 2
6.954757150076669e-05	98652.0	672.0	0.0	 2
6.959525011193244e-05	98650.0	673.0	0.0	 2
6.964242258908839e-05	98648.0	674.0	0.0	 2
6.964923678338318e-05	98646.0	675.0	0.0	 2
6.970216213561967e-05	98644.0	676.0	0.0	 2
6.970489242218516e-05	98642.0	677.0	0.0	 2
6.972301394453812e-05	98640.0	678.0	0.0	 2
6.973369201234343e-05	98638.0	679.0	0.0	 2
6.986163516973918e-05	98636.0	680.0	0.0	 2
6.994214905350286e-05	98634.0	681.0	0.0	 2
6.997244186708253e-05	98632.0	682.0	0.0	 2
7.014773908025757e-05	98630.0	683.0	0.0	 2
7.047695516439496e-05	98628.0	684.0	0.0	 2
7.059377219418382e-05	98626.0	685.0	0.0	 2
7.059929214232622e-05	98624.0	686.0	0.0	 2
7.07318567413539e-05	98622.0	687.0	0.0	 2
7.096242488797947e-05	98620.0	688.0	0.0	 2
7.103405488583749e-05	98618.0	689.0	0.0	 2
7.104212665257131e-05	98616.0	690.0	0.0	 2
7.123047759386004e-05	98614.0	691.0	0.0	 2
7.134349228575818e-05	98612.0	692.0	0.0	 2
7.148626817178605e-05	98610.0	693.0	0.0	 2
7.150712846004133e-05	98608.0	694.0	0.0	 2
7.172315222084471e-05	98606.0	695.0	0.0	 2
7.175480132845966e-05	98604.0	696.0	0.0	 2
7.178257274073292e-05	98602.0	697.0	0.0	 2
7.178947097012344e-05	98600.0	698.0	0.0	 2
7.185359956646929e-05	98598.0	699.0	0.0	 2
7.191354595197695e-05	98596.0	700.0	0.0	 2
7.220646537543675e-05	98594.0	701.0	0.0	 2
7.274646882282584e-05	98592.0	702.0	0.0	 2
7.277837380957695e-05	98590.0	703.0	0.0	 2
7.285214992304761e-05	98588.0	704.0	0.0	 2
7.291362394728166e-05	98586.0	705.0	0.0	 2
7.296187826677008e-05	98584.0	706.0	0.0	 2
7.296465590884937e-05	98582.0	707.0	0.0	 2
7.308937693648332e-05	98580.0	708.0	0.0	 2
7.326029238053744e-05	98578.0	709.0	0.0	 2
7.361411662488152e-05	98576.0	710.0	0.0	 2
7.378971142978545e-05	98574.0	711.0	0.0	 2
7.380755912747509e-05	98572.0	712.0	0.0	 2
7.383271949659206e-05	98570.0	713.0	0.0	 2
7.390384271430519e-05	98568.0	714.0	0.0	 2
7.404391477893428e-05	98566.0	715.0	0.0	 2
7.408475411311804e-05	98564.0	716.0	0.0	 2
7.41998758088409e-05	98562.0	717.0	0.0	 2
7.430636252209514e-05	98560.0	718.0	0.0	 2
7.435352511803381e-05	98558.0	719.0	0.0	 2
7.4425195054823e-05	98556.0	720.0	0.0	 2
7.448337061717318e-05	98554.0	721.0	0.0	 2
7.451347515912478e-05	98552.0	722.0	0.0	 2
7.45637515284678e-05	98550.0	723.0	0.0	 2
7.463711981777637e-05	98548.0	724.0	0.0	 2
7.46973820840348e-05	98546.0	725.0	0.0	 2
7.478822654153426e-05	98544.0	726.0	0.0	 2
7.480615823764559e-05	98542.0	727.0	0.0	 2
7.482387405686711e-05	98540.0	728.0	0.0	 2
7.497382145955068e-05	98538.0	729.0	0.0	 2
7.501199004261262e-05	98536.0	730.0	0.0	 2
7.506094503922651e-05	98534.0	731.0	0.0	 2
7.515707673654907e-05	98532.0	732.0	0.0	 2
7.51584259132467e-05	98530.0	733.0	0.0	 2
7.524245012166352e-05	98528.0	734.0	0.0	 2
7.525146140255661e-05	98526.0	735.0	0.0	 2
7.533910884009411e-05	98524.0	736.0	0.0	 2
7.546165283076075e-05	98522.0	737.0	0.0	 2
7.591069083654023e-05	98520.0	738.0	0.0	 2
7.594666047741281e-05	98518.0	739.0	0.0	 2
7.602702260439086e-05	98516.0	740.0	0.0	 2
7.608141724329805e-05	98514.0	741.0	0.0	 2
7.610515816651427e-05	98512.0	742.0	0.0	 2
7.611088610696356e-05	98510.0	743.0	0.0	 2
7.614940950281717e-05	98508.0	744.0	0.0	 2
7.621226785169209e-05	98506.0	745.0	0.0	 2
7.62699863849086e-05	98504.0	746.0	0.0	 2
7.62957812064435e-05	98502.0	747.0	0.0	 2
7.631571554016509e-05	98500.0	748.0	0.0	 2
7.632834568204539e-05	98498.0	749.0	0.0	 2
7.645414700429274e-05	98496.0	750.0	0.0	 2
7.655234708222426e-05	98494.0	751.0	0.0	 2
7.655654550717044e-05	98492.0	752.0	0.0	 2
7.65931261405581e-05	98490.0	753.0	0.0	 2
7.693501472427653e-05	98488.0	754.0	0.0	 2
7.697779834323771e-05	98486.0	755.0	0.0	 2
7.710959007133958e-05	98484.0	756.0	0.0	 2
7.71522098286241e-05	98482.0	757.0	0.0	 2
7.716749310270307e-05	98480.0	758.0	0.0	 2
7.730414943115298e-05	98478.0	759.0	0.0	 2
7.737631103943261e-05	98476.0	760.0	0.0	 2
7.741216384358116e-05	98474.0	761.0	0.0	 2
7.754306319163702e-05	98472.0	762.0	0.0	 2
7.772168289132663e-05	98470.0	763.0	0.0	 2
7.77385569124083e-05	98468.0	764.0	0.0	 2
7.793655754321199e-05	98466.0	765.0	0.0	 2
7.794896752185264e-05	98464.0	766.0	0.0	 2
7.801820189779973e-05	98462.0	767.0	0.0	 2
7.80974183570076e-05	98460.0	768.0	0.0	 2
7.820440092966586e-05	98458.0	769.0	0.0	 2
7.832369861177818e-05	98456.0	770.0	0.0	 2
7.840287935792368e-05	98454.0	771.0	0.0	 2
7.850178858039343e-05	98452.0	772.0	0.0	 2
7.85259452209591e-05	98450.0	773.0	0.0	 2
7.859774253545771e-05	98448.0	774.0	0.0	 2
7.860766213787184e-05	98446.0	775.0	0.0	 2
7.878287889602319e-05	98444.0	776.0	0.0	 2
7.885938762428143e-05	98442.0	777.0	0.0	 2
7.891413228590089e-05	98440.0	778.0	0.0	 2
7.907351992772515e-05	98438.0	779.0	0.0	 2
7.92652792442024e-05	98436.0	780.0	0.0	 2
7.938853764734836e-05	98434.0	781.0	0.0	 2
7.941789985973507e-05	98432.0	782.0	0.0	 2
7.949454091502824e-05	98430.0	783.0	0.0	 2
7.957540596999277e-05	98428.0	784.0	0.0	 2
7.968460886976149e-05	98426.0	785.0	0.0	 2
7.976280758020514e-05	98424.0	786.0	0.0	 2
7.999298139800376e-05	98422.0	787.0	0.0	 2
8.019406130477876e-05	98420.0	788.0	0.0	 2
8.032348262926084e-05	98418.0	789.0	0.0	 2
8.036242689551484e-05	98416.0	790.0	0.0	 2
8.037485690876918e-05	98414.0	791.0	0.0	 2
8.04913693488376e-05	98412.0	792.0	0.0	 2
8.07521648583288e-05	98410.0	793.0	0.0	 2
8.09141247114439e-05	98408.0	794.0	0.0	 2
8.091923341925756e-05	98406.0	795.0	0.0	 2
8.103722540707193e-05	98404.0	796.0	0.0	 2
8.108449048475387e-05	98402.0	797.0	0.0	 2
8.123786972226901e-05	98400.0	798.0	0.0	 2
8.132178428613892e-05	98398.0	799.0	0.0	 2
8.14145962143736e-05	98396.0	800.0	0.0	 2
8.148164083863799e-05	98394.0	801.0	0.0	 2
8.14851183912114e-05	98392.0	802.0	0.0	 2
8.149377465901074e-05	98390.0	803.0	0.0	 2
8.163393017170005e-05	98388.0	804.0	0.0	 2
8.175821533539859e-05	98386.0	805.0	0.0	 2
8.186189920675141e-05	98384.0	806.0	0.0	 2
8.190052890725149e-05	98382.0	807.0	0.0	 2
8.219125567892085e-05	98380.0	808.0	0.0	 2
8.228565479083699e-05	98378.0	809.0	0.0	 2
8.232980802165033e-05	98376.0	810.0	0.0	 2
8.235700957974494e-05	98374.0	811.0	0.0	 2
8.260226897339983e-05	98372.0	812.0	0.0	 2
8.276296455869796e-05	98370.0	813.0	0.0	 2
8.341279383678077e-05	98368.0	814.0	0.0	 2
8.374885148932225e-05	98366.0	815.0	0.0	 2
8.383434445516555e-05	98364.0	816.0	0.0	 2
8.39653001891886e-05	98362.0	817.0	0.0	 2
8.397120050852981e-05	98360.0	818.0	0.0	 2
8.42302791528003e-05	98358.0	819.0	0.0	 2
8.425394518419763e-05	98356.0	820.0	0.0	 2
8.431204400915689e-05	98354.0	821.0	0.0	 2
8.46509710251742e-05	98352.0	822.0	0.0	 2
8.466404825896559e-05	98350.0	823.0	0.0	 2
8.500573117004418e-05	98348.0	824.0	0.0	 2
8.515752250660917e-05	98346.0	825.0	0.0	 2
8.526291958050156e-05	98344.0	826.0	0.0	 2
8.52812757943969e-05	98342.0	827.0	0.0	 2
8.542520933882514e-05	98340.0	828.0	0.0	 2
8.573172934366258e-05	98338.0	829.0	0.0	 2
8.575586045827781e-05	98336.0	830.0	0.0	 2
8.594713464663742e-05	98334.0	831.0	0.0	 2
8.597608348262694e-05	98332.0	832.0	0.0	 2
8.601711139999738e-05	98330.0	833.0	0.0	 2
8.642242523587278e-05	98328.0	834.0	0.0	 2
8.65006452275722e-05	98326.0	835.0	0.0	 2
8.663696680622292e-05	98324.0	836.0	0.0	 2
8.668674346581042e-05	98322.0	837.0	0.0	 2
8.691063110950468e-05	98320.0	838.0	0.0	 2
8.691198088538746e-05	98318.0	839.0	0.0	 2
8.695505487639166e-05	98316.0	840.0	0.0	 2
8.72614439795952e-05	98314.0	841.0	0.0	 2
8.72699381740745e-05	98312.0	842.0	0.0	 2
8.731656544283679e-05	98310.0	843.0	0.0	 2
8.744757033355685e-05	98308.0	844.0	0.0	 2
8.751901029038986e-05	98306.0	845.0	0.0	 2
8.754589325460847e-05	98304.0	846.0	0.0	 2
8.776898611095044e-05	98302.0	847.0	0.0	 2
8.785954706240685e-05	98300.0	848.0	0.0	 2
8.790374037553658e-05	98298.0	849.0	0.0	 2
8.813900688153041e-05	98296.0	850.0	0.0	 2
8.81536851583804e-05	98294.0	851.0	0.0	 2
8.829457715018453e-05	98292.0	852.0	0.0	 2
8.835251737377767e-05	98290.0	853.0	0.0	 2
8.840190015967162e-05	98288.0	854.0	0.0	 2
8.845640549649814e-05	98286.0	855.0	0.0	 2
8.860041931632813e-05	98284.0	856.0	0.0	 2
8.867891696199739e-05	98282.0	857.0	0.0	 2
8.890979244956898e-05	98281.0	857.0	0.0	 1
8.915405782206556e-05	98279.0	858.0	0.0	 2
8.918860041359265e-05	98277.0	859.0	0.0	 2
8.91968575266244e-05	98275.0	860.0	0.0	 2
8.941047148569089e-05	98273.0	861.0	0.0	 2
8.952011796237134e-05	98271.0	862.0	0.0	 2
8.966182582651948e-05	98269.0	863.0	0.0	 2
8.968682341221062e-05	98267.0	864.0	0.0	 2
8.974293738737316e-05	98265.0	865.0	0.0	 2
8.975899922777529e-05	98263.0	866.0	0.0	 2
8.97692382067292e-05	98261.0	867.0	0.0	 2
8.986342230927181e-05	98259.0	868.0	0.0	 2
8.997087919511205e-05	98257.0	869.0	0.0	 2
8.999138445735866e-05	98255.0	870.0	0.0	 2
9.005527359462436e-05	98253.0	871.0	0.0	 2
9.016409154055065e-05	98251.0	872.0	0.0	 2
9.016471987489281e-05	98249.0	873.0	0.0	 2
9.031587856756818e-05	98247.0	874.0	0.0	 2
9.052815416781869e-05	98245.0	875.0	0.0	 2
9.054955414126647e-05	98243.0	876.0	0.0	 2
9.097460824418016e-05	98241.0	877.0	0.0	 2
9.099416769019767e-05	98239.0	878.0	0.0	 2
9.099704803501062e-05	98237.0	879.0	0.0	 2
9.109452871531619e-05	98235.0	880.0	0.0	 2
9.114672066088661e-05	98233.0	881.0	0.0	 2
9.123370870495529e-05	98231.0	882.0	0.0	 2
9.13295589759629e-05	98229.0	883.0	0.0	 2
9.133148636454092e-05	98227.0	884.0	0.0	 2
9.154413559987608e-05	98225.0	885.0	0.0	 2
9.191461508397339e-05	98223.0	886.0	0.0	 2
9.257205432544213e-05	98221.0	887.0	0.0	 2
9.262757638067961e-05	98219.0	888.0	0.0	 2
9.265378300309293e-05	98217.0	889.0	0.0	 2
9.280513251977321e-05	98215.0	890.0	0.0	 2
9.32355293521558e-05	98213.0	891.0	0.0	 2
9.329350144940076e-05	98211.0	892.0	0.0	 2
9.356407914441849e-05	98209.0	893.0	0.0	 2
9.357045217702731e-05	98207.0	894.0	0.0	 2
9.37549483531085e-05	98205.0	895.0	0.0	 2
9.377060196078599e-05	98203.0	896.0	0.0	 2
9.378839855084026e-05	98201.0	897.0	0.0	 2
9.38353653661071e-05	98199.0	898.0	0.0	 2
9.38725528503863e-05	98198.0	898.0	0.0	 1
9.399568307488909e-05	98196.0	899.0	0.0	 2
9.407619815750448e-05	98194.0	900.0	0.0	 2
9.428349015660319e-05	98192.0	901.0	0.0	 2
9.433810868307266e-05	98190.0	902.0	0.0	 2
9.444638654629413e-05	98188.0	903.0	0.0	 2
9.465657620321232e-05	98186.0	904.0	0.0	 2
9.475947373963014e-05	98184.0	905.0	0.0	 2
9.49458525046184e-05	98182.0	906.0	0.0	 2
9.506377381611853e-05	98180.0	907.0	0.0	 2
9.506474551599223e-05	98178.0	908.0	0.0	 2
9.510255039575279e-05	98176.0	909.0	0.0	 2
9.543361633651979e-05	98174.0	910.0	0.0	 2
9.552872157174345e-05	98172.0	911.0	0.0	 2
9.568710855732549e-05	98170.0	912.0	0.0	 2
9.580255181261351e-05	98168.0	913.0	0.0	 2
9.599746230905743e-05	98166.0	914.0	0.0	 2
9.625502494954615e-05	98164.0	915.0	0.0	 2
9.631358179745566e-05	98162.0	916.0	0.0	 2
9.63601582948033e-05	98160.0	917.0	0.0	 2
9.647955498489057e-05	98158.0	918.0	0.0	 2
9.649694556265069e-05	98156.0	919.0	0.0	 2
9.650369368239867e-05	98154.0	920.0	0.0	 2
9.654449261408914e-05	98152.0	921.0	0.0	 2
9.656910591722958e-05	98150.0	922.0	0.0	 2
9.661037765300553e-05	98148.0	923.0	0.0	 2
9.669958211721717e-05	98146.0	924.0	0.0	 2
9.68410731920591e-05	98144.0	925.0	0.0	 2
9.684155710144182e-05	98142.0	926.0	0.0	 2
9.704027620128757e-05	98140.0	927.0	0.0	 2
9.728761718312532e-05	98138.0	928.0	0.0	 2
9.72961963609737e-05	98136.0	929.0	0.0	 2
9.735379037236317e-05	98134.0	930.0	0.0	 2
9.754237692898539e-05	98132.0	931.0	0.0	 2
9.754438346900777e-05	98130.0	932.0	0.0	 2
9.755157994189575e-05	98128.0	933.0	0.0	 2
9.76633328785152e-05	98126.0	934.0	0.0	 2
9.76933807388981e-05	98124.0	935.0	0.0	 2
9.78224903826934e-05	98122.0	936.0	0.0	 2
9.788842181466449e-05	98120.0	937.0	0.0	 2
9.804224437790034e-05	98118.0	938.0	0.0	 2
9.847996968049951e-05	98116.0	939.0	0.0	 2
9.86724630456735e-05	98114.0	940.0	0.0	 2
9.867732574638256e-05	98112.0	941.0	0.0	 2
9.870770555970177e-05	98111.0	941.0	0.0	 1
9.900114513089673e-05	98109.0	942.0	0.0	 2
9.901897143610181e-05	98107.0	943.0	0.0	 2
9.911393427574584e-05	98105.0	944.0	0.0	 2
9.924286768794494e-05	98103.0	945.0	0.0	 2
9.925189884504335e-05	98101.0	946.0	0.0	 2
9.939269582424005e-05	98099.0	947.0	0.0	 2
9.979662654517156e-05	98097.0	948.0	0.0	 2
9.980325767132872e-05	98095.0	949.0	0.0	 2
9.996862433828845e-05	98093.0	950.0	0.0	 2
9.999197610960266e-05	98092.0	950.0	0.0	 1
0.00010013708929126959	98090.0	951.0	0.0	 2
0.00010023676389849094	98088.0	952.0	0.0	 2
0.00010025956783677523	98086.0	953.0	0.0	 2
0.00010032528211560425	98084.0	954.0	0.0	 2
0.00010047254820542774	98082.0	955.0	0.0	 2
0.00010069455508692366	98080.0	956.0	0.0	 2
0.00010073259227122132	98078.0	957.0	0.0	 2
0.00010074654915075627	98076.0	958.0	0.0	 2
0.0001009339654779178	98074.0	959.0	0.0	 2
0.00010114235944935327	98072.0	960.0	0.0	 2
0.00010132654792925367	98070.0	961.0	0.0	 2
0.00010137171722003026	98068.0	962.0	0.0	 2
0.000101396579684353	98066.0	963.0	0.0	 2
0.0001014813609559226	98064.0	964.0	0.0	 2
0.00010148878598719841	98062.0	965.0	0.0	 2
0.00010150779328802097	98060.0	966.0	0.0	 2
0.00010171519972729708	98059.0	966.0	0.0	 1
0.00010176293225491623	98057.0	967.0	0.0	 2
0.00010191294744060258	98055.0	968.0	0.0	 2
0.00010193756454760383	98053.0	969.0	0.0	 2
0.00010200456469583153	98051.0	970.0	0.0	 2
0.00010202843921661508	98049.0	971.0	0.0	 2
0.0001020911150478944	98047.0	972.0	0.0	 2
0.00010227694971741755	98045.0	973.0	0.0	 2
0.00010229200240670429	98043.0	974.0	0.0	 2
0.00010233388158881528	98041.0	975.0	0.0	 2
0.0001023341602626215	98039.0	976.0	0.0	 2
0.00010235832425738121	98037.0	977.0	0.0	 2
0.0001023893771397792	98035.0	978.0	0.0	 2
0.000102499247926746	98033.0	979.0	0.0	 2
0.00010250864575519033	98031.0	980.0	0.0	 2
0.00010261900900951709	98029.0	981.0	0.0	 2
0.00010284209842262155	98027.0	982.0	0.0	 2
0.0001028649783809724	98025.0	983.0	0.0	 2
0.0001029104138493276	98023.0	984.0	0.0	 2
0.00010310654018041572	98021.0	985.0	0.0	 2
0.00010322144797783879	98019.0	986.0	0.0	 2
0.00010361976526752506	98017.0	987.0	0.0	 2
0.00010366223294765936	98015.0	988.0	0.0	 2
0.00010366337650116209	98013.0	989.0	0.0	 2
0.00010371734467280658	98011.0	990.0	0.0	 2
