# reactions: 4
Time	S1	S2	S3	Fired Reaction
0.0	100000.0	0.0	0.0	 0
1.9058243324404098e-07	99998.0	1.0	0.0	 2
2.0136628613398625e-07	99996.0	2.0	0.0	 2
2.452377064535245e-07	99994.0	3.0	0.0	 2
3.4730609762217903e-07	99992.0	4.0	0.0	 2
3.473096372179168e-07	99990.0	5.0	0.0	 2
4.1984668964400735e-07	99988.0	6.0	0.0	 2
5.222505334390905e-07	99986.0	7.0	0.0	 2
5.506614117923502e-07	99984.0	8.0	0.0	 2
5.608533613320577e-07	99982.0	9.0	0.0	 2
6.695301363097517e-07	99980.0	10.0	0.0	 2
7.049536245744177e-07	99978.0	11.0	0.0	 2
1.1442653175925892e-06	99976.0	12.0	0.0	 2
1.1772795194949193e-06	99974.0	13.0	0.0	 2
1.435992541091227e-06	99972.0	14.0	0.0	 2
1.446555651204741e-06	99970.0	15.0	0.0	 2
1.4861103382049763e-06	99968.0	16.0	0.0	 2
1.5760545294895117e-06	99966.0	17.0	0.0	 2
1.5933594655418604e-06	99964.0	18.0	0.0	 2
1.6242024204414345e-06	99962.0	19.0	0.0	 2
1.6729742840672083e-06	99960.0	20.0	0.0	 2
1.9058286743417544e-06	99958.0	21.0	0.0	 2
2.0496755750773007e-06	99956.0	22.0	0.0	 2
2.1111492937027824e-06	99954.0	23.0	0.0	 2
2.3473306403553567e-06	99952.0	24.0	0.0	 2
2.3575638594249462e-06	99950.0	25.0	0.0	 2
2.382574274612314e-06	99948.0	26.0	0.0	 2
2.4111644695470538e-06	99946.0	27.0	0.0	 2
2.435656309721207e-06	99944.0	28.0	0.0	 2
2.4385598318202395e-06	99942.0	29.0	0.0	 2
2.511386382344394e-06	99940.0	30.0	0.0	 2
2.7756454466235925e-06	99938.0	31.0	0.0	 2
2.8496977988708247e-06	99936.0	32.0	0.0	 2
2.984614016829749e-06	99934.0	33.0	0.0	 2
3.0013657784344787e-06	99932.0	34.0	0.0	 2
3.075664331268232e-06	99930.0	35.0	0.0	 2
3.2539142985041717e-06	99928.0	36.0	0.0	 2
3.342223206706384e-06	99926.0	37.0	0.0	 2
3.352970801861118e-06	99924.0	38.0	0.0	 2
3.4739356637768637e-06	99922.0	39.0	0.0	 2
3.475421652476576e-06	99920.0	40.0	0.0	 2
3.5531182531735824e-06	99918.0	41.0	0.0	 2
3.622382306541263e-06	99916.0	42.0	0.0	 2
3.960721092119314e-06	99914.0	43.0	0.0	 2
3.990844731392857e-06	99912.0	44.0	0.0	 2
4.051001238824419e-06	99910.0	45.0	0.0	 2
4.459166853306899e-06	99908.0	46.0	0.0	 2
4.506725639740406e-06	99906.0	47.0	0.0	 2
4.704686440125995e-06	99904.0	48.0	0.0	 2
4.826000172168687e-06	99902.0	49.0	0.0	 2
4.93414031939719e-06	99900.0	50.0	0.0	 2
5.013029471957739e-06	99898.0	51.0	0.0	 2
5.0203354737654445e-06	99896.0	52.0	0.0	 2
5.087900496759534e-06	99894.0	53.0	0.0	 2
5.099315655107059e-06	99892.0	54.0	0.0	 2
5.106689747842996e-06	99890.0	55.0	0.0	 2
5.1775492442910036e-06	99888.0	56.0	0.0	 2
5.31640338306959e-06	99886.0	57.0	0.0	 2
5.5750440536802916e-06	99884.0	58.0	0.0	 2
5.861025743827939e-06	99882.0	59.0	0.0	 2
5.9551118012437844e-06	99880.0	60.0	0.0	 2
6.039456010460568e-06	99878.0	61.0	0.0	 2
6.2957508049466455e-06	99876.0	62.0	0.0	 2
6.3140614476461725e-06	99874.0	63.0	0.0	 2
6.4024928238414e-06	99872.0	64.0	0.0	 2
6.4036115597166315e-06	99870.0	65.0	0.0	 2
6.4232390006732995e-06	99868.0	66.0	0.0	 2
6.582981437883319e-06	99866.0	67.0	0.0	 2
6.75780434118313e-06	99864.0	68.0	0.0	 2
6.822994416668041e-06	99862.0	69.0	0.0	 2
6.887816957913998e-06	99860.0	70.0	0.0	 2
6.931747580501583e-06	99858.0	71.0	0.0	 2
7.290834634483536e-06	99856.0	72.0	0.0	 2
7.313267602659703e-06	99854.0	73.0	0.0	 2
7.50465914453161e-06	99852.0	74.0	0.0	 2
7.59399217095576e-06	99850.0	75.0	0.0	 2
7.611072560355863e-06	99848.0	76.0	0.0	 2
7.624262589818158e-06	99846.0	77.0	0.0	 2
7.91211336391728e-06	99844.0	78.0	0.0	 2
7.925638926887976e-06	99842.0	79.0	0.0	 2
7.96432798917395e-06	99840.0	80.0	0.0	 2
8.173313645846143e-06	99838.0	81.0	0.0	 2
8.236520278282042e-06	99836.0	82.0	0.0	 2
8.343057203444416e-06	99834.0	83.0	0.0	 2
8.349430425883874e-06	99832.0	84.0	0.0	 2
8.376615390408937e-06	99830.0	85.0	0.0	 2
8.418219324437416e-06	99828.0	86.0	0.0	 2
8.797992503217821e-06	99826.0	87.0	0.0	 2
8.840455666733151e-06	99824.0	88.0	0.0	 2
9.063005288673192e-06	99822.0	89.0	0.0	 2
9.106095487039212e-06	99820.0	90.0	0.0	 2
9.107993544691617e-06	99818.0	91.0	0.0	 2
9.141784413638718e-06	99816.0	92.0	0.0	 2
9.249663075133838e-06	99814.0	93.0	0.0	 2
9.434334576898599e-06	99812.0	94.0	0.0	 2
9.451838741225746e-06	99810.0	95.0	0.0	 2
9.480115247875424e-06	99808.0	96.0	0.0	 2
9.607117239580562e-06	99806.0	97.0	0.0	 2
9.624543556709255e-06	99804.0	98.0	0.0	 2
9.796518888979241e-06	99802.0	99.0	0.0	 2
9.864800955896931e-06	99800.0	100.0	0.0	 2
9.924421535180924e-06	99798.0	101.0	0.0	 2
1.0013870025509738e-05	99796.0	102.0	0.0	 2
1.0076203880782037e-05	99794.0	103.0	0.0	 2
1.012972897218984e-05	99792.0	104.0	0.0	 2
1.0151641221034198e-05	99790.0	105.0	0.0	 2
1.0190179344936946e-05	99788.0	106.0	0.0	 2
1.0218069168525384e-05	99786.0	107.0	0.0	 2
1.0308227882061291e-05	99784.0	108.0	0.0	 2
1.0367792112332128e-05	99782.0	109.0	0.0	 2
1.053634802633634e-05	99780.0	110.0	0.0	 2
1.0633616389970565e-05	99778.0	111.0	0.0	 2
1.0637529079250764e-05	99776.0	112.0	0.0	 2
1.0743399156440306e-05	99774.0	113.0	0.0	 2
1.0782963257125586e-05	99772.0	114.0	0.0	 2
1.0918568379443437e-05	99771.0	114.0	0.0	 1
1.0991283669510816e-05	99769.0	115.0	0.0	 2
1.1294613708390045e-05	99767.0	116.0	0.0	 2
1.1331552700204216e-05	99765.0	117.0	0.0	 2
1.1522886939055089e-05	99763.0	118.0	0.0	 2
1.1792301750772083e-05	99761.0	119.0	0.0	 2
1.1853996316194761e-05	99759.0	120.0	0.0	 2
1.1855034536927613e-05	99757.0	121.0	0.0	 2
1.1947221868748186e-05	99755.0	122.0	0.0	 2
1.2004004254670542e-05	99753.0	123.0	0.0	 2
1.2110726838826716e-05	99751.0	124.0	0.0	 2
1.2270115143269837e-05	99749.0	125.0	0.0	 2
1.2277913771164259e-05	99747.0	126.0	0.0	 2
1.2619426752851146e-05	99745.0	127.0	0.0	 2
1.306946936690288e-05	99743.0	128.0	0.0	 2
1.314658485467452e-05	99741.0	129.0	0.0	 2
1.318111731028752e-05	99739.0	130.0	0.0	 2
1.3339201730402547e-05	99737.0	131.0	0.0	 2
1.34200821386635e-05	99735.0	132.0	0.0	 2
1.3497739421881962e-05	99733.0	133.0	0.0	 2
1.3527041732894238e-05	99731.0	134.0	0.0	 2
1.354812793488711e-05	99729.0	135.0	0.0	 2
1.3738391540089435e-05	99727.0	136.0	0.0	 2
1.395345266794141e-05	99725.0	137.0	0.0	 2
1.433979761385996e-05	99723.0	138.0	0.0	 2
1.4364031057659018e-05	99721.0	139.0	0.0	 2
1.4384787357520404e-05	99719.0	140.0	0.0	 2
1.4397465493378108e-05	99717.0	141.0	0.0	 2
1.4448985019758037e-05	99715.0	142.0	0.0	 2
1.4451831410923554e-05	99713.0	143.0	0.0	 2
1.4476936715595867e-05	99711.0	144.0	0.0	 2
1.4699377281435527e-05	99709.0	145.0	0.0	 2
1.4771668324920468e-05	99707.0	146.0	0.0	 2
1.479751769043609e-05	99705.0	147.0	0.0	 2
1.4864314732155472e-05	99703.0	148.0	0.0	 2
1.4878265206931027e-05	99701.0	149.0	0.0	 2
1.5092723745789987e-05	99699.0	150.0	0.0	 2
1.5112124166712418e-05	99697.0	151.0	0.0	 2
1.515307880340483e-05	99695.0	152.0	0.0	 2
1.5303055303385842e-05	99693.0	153.0	0.0	 2
1.55040872994323e-05	99691.0	154.0	0.0	 2
1.581520101629486e-05	99689.0	155.0	0.0	 2
1.599795787928423e-05	99687.0	156.0	0.0	 2
1.613351899722213e-05	99685.0	157.0	0.0	 2
1.6144805147361807e-05	99683.0	158.0	0.0	 2
1.6329267954620083e-05	99681.0	159.0	0.0	 2
1.6502274485481025e-05	99679.0	160.0	0.0	 2
1.6641329157874756e-05	99677.0	161.0	0.0	 2
1.6660768442735218e-05	99675.0	162.0	0.0	 2
1.6722226269595146e-05	99673.0	163.0	0.0	 2
1.6876929251442307e-05	99671.0	164.0	0.0	 2
1.701571237986509e-05	99669.0	165.0	0.0	 2
1.709307444736991e-05	99667.0	166.0	0.0	 2
1.7121353523088147e-05	99665.0	167.0	0.0	 2
1.712882308952372e-05	99663.0	168.0	0.0	 2
1.720762442203957e-05	99661.0	169.0	0.0	 2
1.7256963512634053e-05	99659.0	170.0	0.0	 2
1.7328788790877454e-05	99657.0	171.0	0.0	 2
1.7546952731851874e-05	99655.0	172.0	0.0	 2
1.7645154321645464e-05	99653.0	173.0	0.0	 2
1.7671680477686623e-05	99651.0	174.0	0.0	 2
1.7676450101254667e-05	99649.0	175.0	0.0	 2
1.7703534510051908e-05	99647.0	176.0	0.0	 2
1.7727750306737207e-05	99645.0	177.0	0.0	 2
1.7910388713076328e-05	99643.0	178.0	0.0	 2
1.7919384250179752e-05	99641.0	179.0	0.0	 2
1.820753242143795e-05	99639.0	180.0	0.0	 2
1.824710515164566e-05	99637.0	181.0	0.0	 2
1.8360491742952907e-05	99635.0	182.0	0.0	 2
1.840849243968319e-05	99633.0	183.0	0.0	 2
1.8480976968465684e-05	99631.0	184.0	0.0	 2
1.8606483302031575e-05	99629.0	185.0	0.0	 2
1.8736839881631844e-05	99627.0	186.0	0.0	 2
1.886217201833325e-05	99625.0	187.0	0.0	 2
1.8944929465771903e-05	99623.0	188.0	0.0	 2
1.8996489526784203e-05	99621.0	189.0	0.0	 2
1.905721157465652e-05	99619.0	190.0	0.0	 2
1.909833386435876e-05	99617.0	191.0	0.0	 2
1.9107455290682524e-05	99615.0	192.0	0.0	 2
1.919325969142883e-05	99613.0	193.0	0.0	 2
1.9270836583132443e-05	99611.0	194.0	0.0	 2
1.9287862212724022e-05	99609.0	195.0	0.0	 2
1.938919949208639e-05	99607.0	196.0	0.0	 2
1.9455998520559652e-05	99605.0	197.0	0.0	 2
1.9607574437490065e-05	99603.0	198.0	0.0	 2
1.9696868047896095e-05	99601.0	199.0	0.0	 2
1.9738468478449193e-05	99599.0	200.0	0.0	 2
1.9781176214856077e-05	99597.0	201.0	0.0	 2
1.98144301452003e-05	99595.0	202.0	0.0	 2
2.010994710719868e-05	99593.0	203.0	0.0	 2
2.0148980601888106e-05	99591.0	204.0	0.0	 2
2.017895883760266e-05	99589.0	205.0	0.0	 2
2.021352298571735e-05	99587.0	206.0	0.0	 2
2.029683019321135e-05	99585.0	207.0	0.0	 2
2.0317645522941164e-05	99583.0	208.0	0.0	 2
2.0577071585510495e-05	99581.0	209.0	0.0	 2
2.063240243436358e-05	99579.0	210.0	0.0	 2
2.0639053180567836e-05	99577.0	211.0	0.0	 2
2.064211824750382e-05	99575.0	212.0	0.0	 2
2.0730062151582607e-05	99573.0	213.0	0.0	 2
2.0808839247581496e-05	99571.0	214.0	0.0	 2
2.0965205434126873e-05	99569.0	215.0	0.0	 2
2.097855943695981e-05	99567.0	216.0	0.0	 2
2.105597794201274e-05	99565.0	217.0	0.0	 2
2.13829056378118e-05	99563.0	218.0	0.0	 2
2.1464004575685015e-05	99561.0	219.0	0.0	 2
2.1719308457176156e-05	99559.0	220.0	0.0	 2
2.173133705235166e-05	99557.0	221.0	0.0	 2
2.1842610057647284e-05	99555.0	222.0	0.0	 2
2.1895991857223198e-05	99553.0	223.0	0.0	 2
2.1956094313598213e-05	99551.0	224.0	0.0	 2
2.233106444884891e-05	99549.0	225.0	0.0	 2
2.2341120184162246e-05	99547.0	226.0	0.0	 2
2.2832131351980217e-05	99545.0	227.0	0.0	 2
2.2840191678266336e-05	99543.0	228.0	0.0	 2
2.2862508885116838e-05	99541.0	229.0	0.0	 2
2.3004521693359524e-05	99539.0	230.0	0.0	 2
2.3169641817050005e-05	99537.0	231.0	0.0	 2
2.3247471250628465e-05	99535.0	232.0	0.0	 2
2.3296222014522403e-05	99533.0	233.0	0.0	 2
2.343985763679892e-05	99531.0	234.0	0.0	 2
2.3602918503455154e-05	99529.0	235.0	0.0	 2
2.3668275844467498e-05	99527.0	236.0	0.0	 2
2.373641291714834e-05	99525.0	237.0	0.0	 2
2.378384962543525e-05	99523.0	238.0	0.0	 2
2.3859147018924066e-05	99521.0	239.0	0.0	 2
2.388337808887894e-05	99519.0	240.0	0.0	 2
2.3917537447997326e-05	99517.0	241.0	0.0	 2
2.4093436383065152e-05	99515.0	242.0	0.0	 2
2.417627123292494e-05	99513.0	243.0	0.0	 2
2.431719415487994e-05	99511.0	244.0	0.0	 2
2.443510094274062e-05	99509.0	245.0	0.0	 2
2.4448176294787874e-05	99507.0	246.0	0.0	 2
2.479422372711913e-05	99505.0	247.0	0.0	 2
2.4847887166394358e-05	99503.0	248.0	0.0	 2
2.504663299289228e-05	99501.0	249.0	0.0	 2
2.5198513918361163e-05	99499.0	250.0	0.0	 2
2.52889312372141e-05	99497.0	251.0	0.0	 2
2.5350507606233206e-05	99495.0	252.0	0.0	 2
2.5355297719353884e-05	99493.0	253.0	0.0	 2
2.5379058093094244e-05	99491.0	254.0	0.0	 2
2.5413010975385113e-05	99489.0	255.0	0.0	 2
2.5441931650461516e-05	99487.0	256.0	0.0	 2
2.5491584092989237e-05	99485.0	257.0	0.0	 2
2.56336727439245e-05	99483.0	258.0	0.0	 2
2.5685089545893008e-05	99481.0	259.0	0.0	 2
2.5898624609249476e-05	99479.0	260.0	0.0	 2
2.5906037135300872e-05	99477.0	261.0	0.0	 2
2.5980876286581067e-05	99475.0	262.0	0.0	 2
2.6022537916257486e-05	99473.0	263.0	0.0	 2
2.6041359797613395e-05	99471.0	264.0	0.0	 2
2.6065262839716614e-05	99469.0	265.0	0.0	 2
2.6115338105902535e-05	99467.0	266.0	0.0	 2
2.6215765729356637e-05	99465.0	267.0	0.0	 2
2.6219119957061876e-05	99463.0	268.0	0.0	 2
2.6240937520440207e-05	99461.0	269.0	0.0	 2
2.6246135652436515e-05	99459.0	270.0	0.0	 2
2.6255542565294676e-05	99457.0	271.0	0.0	 2
2.6413006076383336e-05	99455.0	272.0	0.0	 2
2.6422207493929836e-05	99453.0	273.0	0.0	 2
2.6502139682892096e-05	99451.0	274.0	0.0	 2
2.6582337365218292e-05	99449.0	275.0	0.0	 2
2.65919909204492e-05	99447.0	276.0	0.0	 2
2.6643144756905907e-05	99445.0	277.0	0.0	 2
2.682275397420338e-05	99443.0	278.0	0.0	 2
2.6855088653028155e-05	99441.0	279.0	0.0	 2
2.688613196471288e-05	99439.0	280.0	0.0	 2
2.696741846463828e-05	99437.0	281.0	0.0	 2
2.6997866988259328e-05	99435.0	282.0	0.0	 2
2.7069481364133982e-05	99433.0	283.0	0.0	 2
2.7086397773980886e-05	99431.0	284.0	0.0	 2
2.737707718469194e-05	99429.0	285.0	0.0	 2
2.7500697053879807e-05	99427.0	286.0	0.0	 2
2.77156769228996e-05	99425.0	287.0	0.0	 2
2.7745603195334596e-05	99423.0	288.0	0.0	 2
2.8052864819301704e-05	99421.0	289.0	0.0	 2
2.8150362160703912e-05	99419.0	290.0	0.0	 2
2.8423565714282404e-05	99417.0	291.0	0.0	 2
2.847283439522559e-05	99415.0	292.0	0.0	 2
2.8610780066750536e-05	99413.0	293.0	0.0	 2
2.8663813037599505e-05	99411.0	294.0	0.0	 2
2.890878794600574e-05	99409.0	295.0	0.0	 2
2.8978957095874687e-05	99407.0	296.0	0.0	 2
2.903497813633751e-05	99405.0	297.0	0.0	 2
2.920558275567716e-05	99403.0	298.0	0.0	 2
2.9293122473200136e-05	99401.0	299.0	0.0	 2
2.93453459955589e-05	99399.0	300.0	0.0	 2
2.9367464095051467e-05	99397.0	301.0	0.0	 2
2.96123725637978e-05	99395.0	302.0	0.0	 2
2.965264354284363e-05	99393.0	303.0	0.0	 2
2.9711343165084213e-05	99391.0	304.0	0.0	 2
2.9801789854927504e-05	99389.0	305.0	0.0	 2
2.996693268090952e-05	99387.0	306.0	0.0	 2
3.0079417009710838e-05	99385.0	307.0	0.0	 2
3.016369337410462e-05	99383.0	308.0	0.0	 2
3.0190180412547498e-05	99381.0	309.0	0.0	 2
3.035122634075036e-05	99379.0	310.0	0.0	 2
3.0369543908899538e-05	99377.0	311.0	0.0	 2
3.0379251373355225e-05	99375.0	312.0	0.0	 2
3.0429561132158032e-05	99373.0	313.0	0.0	 2
3.063435896943808e-05	99371.0	314.0	0.0	 2
3.078446297970554e-05	99369.0	315.0	0.0	 2
3.081061492156757e-05	99367.0	316.0	0.0	 2
3.083315756927138e-05	99365.0	317.0	0.0	 2
3.09145968881931e-05	99363.0	318.0	0.0	 2
3.096465238770759e-05	99361.0	319.0	0.0	 2
3.103646233919971e-05	99359.0	320.0	0.0	 2
3.113980779137588e-05	99357.0	321.0	0.0	 2
3.1303914152060156e-05	99355.0	322.0	0.0	 2
3.133088830900812e-05	99353.0	323.0	0.0	 2
3.138613439690445e-05	99351.0	324.0	0.0	 2
3.141505536345068e-05	99349.0	325.0	0.0	 2
3.149526439338002e-05	99347.0	326.0	0.0	 2
3.154041645880759e-05	99345.0	327.0	0.0	 2
3.176272134160037e-05	99343.0	328.0	0.0	 2
3.186879905541602e-05	99341.0	329.0	0.0	 2
3.1916039325578056e-05	99339.0	330.0	0.0	 2
3.201443265480242e-05	99337.0	331.0	0.0	 2
3.2058082059017564e-05	99335.0	332.0	0.0	 2
3.2107701960035796e-05	99333.0	333.0	0.0	 2
3.222202051743004e-05	99331.0	334.0	0.0	 2
3.228094511993307e-05	99329.0	335.0	0.0	 2
3.2309069325915626e-05	99327.0	336.0	0.0	 2
3.246838304752314e-05	99325.0	337.0	0.0	 2
3.2875520346513896e-05	99323.0	338.0	0.0	 2
3.3087606092410517e-05	99321.0	339.0	0.0	 2
3.332433435771719e-05	99319.0	340.0	0.0	 2
3.340189561841772e-05	99317.0	341.0	0.0	 2
3.340550552655168e-05	99315.0	342.0	0.0	 2
3.3464145805436664e-05	99313.0	343.0	0.0	 2
3.3953283984265545e-05	99311.0	344.0	0.0	 2
3.4157019868389606e-05	99309.0	345.0	0.0	 2
3.4164349514687205e-05	99307.0	346.0	0.0	 2
3.4200676065910724e-05	99305.0	347.0	0.0	 2
3.430974466591921e-05	99303.0	348.0	0.0	 2
3.4592624693591076e-05	99301.0	349.0	0.0	 2
3.461116790368066e-05	99299.0	350.0	0.0	 2
3.467994251099389e-05	99297.0	351.0	0.0	 2
3.489705609583477e-05	99295.0	352.0	0.0	 2
3.4900432290418835e-05	99293.0	353.0	0.0	 2
3.501178649901416e-05	99291.0	354.0	0.0	 2
3.507470479267597e-05	99289.0	355.0	0.0	 2
3.508406597656793e-05	99287.0	356.0	0.0	 2
3.536782628455944e-05	99286.0	356.0	0.0	 1
3.5386499854107354e-05	99284.0	357.0	0.0	 2
3.570561398390383e-05	99282.0	358.0	0.0	 2
3.5764438379093014e-05	99280.0	359.0	0.0	 2
3.581249969902576e-05	99278.0	360.0	0.0	 2
3.5897361348033634e-05	99276.0	361.0	0.0	 2
3.613386097273114e-05	99274.0	362.0	0.0	 2
3.616894825071169e-05	99272.0	363.0	0.0	 2
3.6236686373373444e-05	99270.0	364.0	0.0	 2
3.630496756502213e-05	99268.0	365.0	0.0	 2
3.633214981557636e-05	99266.0	366.0	0.0	 2
3.633677669090505e-05	99264.0	367.0	0.0	 2
3.6461266235938964e-05	99262.0	368.0	0.0	 2
3.6638899186122896e-05	99260.0	369.0	0.0	 2
3.679473715685345e-05	99258.0	370.0	0.0	 2
3.697532183858061e-05	99256.0	371.0	0.0	 2
3.6991614165283245e-05	99254.0	372.0	0.0	 2
3.700239956957492e-05	99252.0	373.0	0.0	 2
3.706912436529617e-05	99250.0	374.0	0.0	 2
3.7090875032981666e-05	99248.0	375.0	0.0	 2
3.721979262073766e-05	99246.0	376.0	0.0	 2
3.741261658519907e-05	99244.0	377.0	0.0	 2
3.754046175813603e-05	99242.0	378.0	0.0	 2
3.81023724295274e-05	99240.0	379.0	0.0	 2
3.8176218016393155e-05	99239.0	379.0	0.0	 1
3.8176907068596966e-05	99237.0	380.0	0.0	 2
3.8227026000678544e-05	99235.0	381.0	0.0	 2
3.82617988240451e-05	99233.0	382.0	0.0	 2
3.836354882274164e-05	99231.0	383.0	0.0	 2
3.8370891412405486e-05	99229.0	384.0	0.0	 2
3.840632703263995e-05	99227.0	385.0	0.0	 2
3.8514657406911736e-05	99225.0	386.0	0.0	 2
3.8584171992108146e-05	99223.0	387.0	0.0	 2
3.8643007255427896e-05	99221.0	388.0	0.0	 2
3.864823516299547e-05	99219.0	389.0	0.0	 2
3.8705291712640944e-05	99217.0	390.0	0.0	 2
3.875765764950636e-05	99215.0	391.0	0.0	 2
3.9094026264426014e-05	99213.0	392.0	0.0	 2
3.928227282367807e-05	99211.0	393.0	0.0	 2
3.9330039173450065e-05	99209.0	394.0	0.0	 2
3.9440679231995046e-05	99207.0	395.0	0.0	 2
3.950218741096196e-05	99205.0	396.0	0.0	 2
3.9519559228888057e-05	99203.0	397.0	0.0	 2
3.959875849021599e-05	99201.0	398.0	0.0	 2
3.967642296603209e-05	99199.0	399.0	0.0	 2
3.970868098420984e-05	99197.0	400.0	0.0	 2
3.9748383962488844e-05	99195.0	401.0	0.0	 2
3.98591889644434e-05	99193.0	402.0	0.0	 2
4.0105550869793936e-05	99191.0	403.0	0.0	 2
4.018872225377839e-05	99189.0	404.0	0.0	 2
4.0249605452113304e-05	99187.0	405.0	0.0	 2
4.033966123484606e-05	99185.0	406.0	0.0	 2
4.036239530696705e-05	99183.0	407.0	0.0	 2
4.038505142167924e-05	99181.0	408.0	0.0	 2
4.0754474061526975e-05	99179.0	409.0	0.0	 2
4.0825082585953406e-05	99177.0	410.0	0.0	 2
4.087922769553734e-05	99175.0	411.0	0.0	 2
4.092273343165111e-05	99173.0	412.0	0.0	 2
4.1130211579426126e-05	99171.0	413.0	0.0	 2
4.132444668660383e-05	99169.0	414.0	0.0	 2
4.136669050284406e-05	99167.0	415.0	0.0	 2
4.14904902391701e-05	99165.0	416.0	0.0	 2
4.1671986744971886e-05	99163.0	417.0	0.0	 2
4.1856819538223994e-05	99161.0	418.0	0.0	 2
4.1979040235762895e-05	99159.0	419.0	0.0	 2
4.222862938737297e-05	99157.0	420.0	0.0	 2
4.2250225878174546e-05	99155.0	421.0	0.0	 2
4.2428887736119554e-05	99153.0	422.0	0.0	 2
4.243125496581393e-05	99151.0	423.0	0.0	 2
4.253376426968169e-05	99149.0	424.0	0.0	 2
4.2539225270504806e-05	99147.0	425.0	0.0	 2
4.288427839612822e-05	99145.0	426.0	0.0	 2
4.3051120179332684e-05	99143.0	427.0	0.0	 2
4.3195045572274906e-05	99141.0	428.0	0.0	 2
4.332269167085609e-05	99139.0	429.0	0.0	 2
4.355540648854914e-05	99137.0	430.0	0.0	 2
4.3697106572167505e-05	99135.0	431.0	0.0	 2
4.383969683094005e-05	99133.0	432.0	0.0	 2
4.401852477872918e-05	99131.0	433.0	0.0	 2
4.40367270738248e-05	99129.0	434.0	0.0	 2
4.4214278718237394e-05	99127.0	435.0	0.0	 2
4.441355721593802e-05	99125.0	436.0	0.0	 2
4.456567671329299e-05	99123.0	437.0	0.0	 2
4.464850396377151e-05	99121.0	438.0	0.0	 2
4.471665301538695e-05	99119.0	439.0	0.0	 2
4.473618352018094e-05	99117.0	440.0	0.0	 2
4.486033936171852e-05	99115.0	441.0	0.0	 2
4.492518732290549e-05	99113.0	442.0	0.0	 2
4.498586462803555e-05	99111.0	443.0	0.0	 2
4.521847293725607e-05	99109.0	444.0	0.0	 2
4.527714292712034e-05	99107.0	445.0	0.0	 2
4.543522364949465e-05	99105.0	446.0	0.0	 2
4.5556690189692733e-05	99103.0	447.0	0.0	 2
4.572456858955281e-05	99101.0	448.0	0.0	 2
4.584103066798431e-05	99099.0	449.0	0.0	 2
4.597002036738712e-05	99097.0	450.0	0.0	 2
4.60434434195161e-05	99095.0	451.0	0.0	 2
4.619056469475292e-05	99093.0	452.0	0.0	 2
4.6217254868563e-05	99091.0	453.0	0.0	 2
4.63018326574089e-05	99089.0	454.0	0.0	 2
4.6316372959762956e-05	99087.0	455.0	0.0	 2
4.644760833355768e-05	99085.0	456.0	0.0	 2
4.656222390492886e-05	99083.0	457.0	0.0	 2
4.656387364612776e-05	99081.0	458.0	0.0	 2
4.6567051412526976e-05	99079.0	459.0	0.0	 2
4.665631922044665e-05	99077.0	460.0	0.0	 2
4.670875845980901e-05	99075.0	461.0	0.0	 2
4.6731978242833096e-05	99073.0	462.0	0.0	 2
4.691037075051961e-05	99071.0	463.0	0.0	 2
4.69663263040669e-05	99069.0	464.0	0.0	 2
4.708643559693907e-05	99067.0	465.0	0.0	 2
4.7124166051159854e-05	99065.0	466.0	0.0	 2
4.71516660944672e-05	99063.0	467.0	0.0	 2
4.723348132048153e-05	99061.0	468.0	0.0	 2
4.7431967883949624e-05	99059.0	469.0	0.0	 2
4.750946216600957e-05	99057.0	470.0	0.0	 2
4.76891260207737e-05	99055.0	471.0	0.0	 2
4.7777863959258776e-05	99053.0	472.0	0.0	 2
4.784769767104162e-05	99051.0	473.0	0.0	 2
4.793312020050934e-05	99049.0	474.0	0.0	 2
4.795951011911544e-05	99047.0	475.0	0.0	 2
4.796375347240066e-05	99045.0	476.0	0.0	 2
4.796792907492442e-05	99043.0	477.0	0.0	 2
4.8149465481191145e-05	99041.0	478.0	0.0	 2
4.830823909764697e-05	99039.0	479.0	0.0	 2
4.843892045091368e-05	99037.0	480.0	0.0	 2
4.8476363713502216e-05	99035.0	481.0	0.0	 2
4.856157555057076e-05	99033.0	482.0	0.0	 2
4.861649811035511e-05	99031.0	483.0	0.0	 2
4.872275345758619e-05	99029.0	484.0	0.0	 2
4.888003511194473e-05	99027.0	485.0	0.0	 2
4.901533128803882e-05	99025.0	486.0	0.0	 2
4.920446186900883e-05	99023.0	487.0	0.0	 2
4.9314706359894725e-05	99021.0	488.0	0.0	 2
4.932477090145059e-05	99019.0	489.0	0.0	 2
4.933986380415068e-05	99017.0	490.0	0.0	 2
4.941991698225756e-05	99015.0	491.0	0.0	 2
4.944382708960665e-05	99013.0	492.0	0.0	 2
4.954489492945269e-05	99011.0	493.0	0.0	 2
4.954954492356814e-05	99009.0	494.0	0.0	 2
4.9618966264639867e-05	99007.0	495.0	0.0	 2
4.971410616121838e-05	99005.0	496.0	0.0	 2
4.9732557826724846e-05	99003.0	497.0	0.0	 2
4.9750539039806026e-05	99001.0	498.0	0.0	 2
4.991515093347433e-05	98999.0	499.0	0.0	 2
4.9933067079516324e-05	98997.0	500.0	0.0	 2
4.9975468428355724e-05	98995.0	501.0	0.0	 2
5.000586528940628e-05	98993.0	502.0	0.0	 2
5.005803428697522e-05	98991.0	503.0	0.0	 2
5.009138905254449e-05	98989.0	504.0	0.0	 2
5.012120725451411e-05	98987.0	505.0	0.0	 2
5.0194587625047424e-05	98985.0	506.0	0.0	 2
5.0227083470933384e-05	98983.0	507.0	0.0	 2
5.025061323914987e-05	98981.0	508.0	0.0	 2
5.0303572069998234e-05	98979.0	509.0	0.0	 2
5.042641270207021e-05	98977.0	510.0	0.0	 2
5.04374640449155e-05	98975.0	511.0	0.0	 2
5.046957224371433e-05	98973.0	512.0	0.0	 2
5.081400400211152e-05	98971.0	513.0	0.0	 2
5.098456912046487e-05	98969.0	514.0	0.0	 2
5.107513417492481e-05	98967.0	515.0	0.0	 2
5.113005660786411e-05	98965.0	516.0	0.0	 2
5.125342213715763e-05	98963.0	517.0	0.0	 2
5.125823528460706e-05	98961.0	518.0	0.0	 2
5.145039055573819e-05	98959.0	519.0	0.0	 2
5.146399558089435e-05	98957.0	520.0	0.0	 2
5.168525208331105e-05	98955.0	521.0	0.0	 2
5.177619056908366e-05	98953.0	522.0	0.0	 2
5.177907999481377e-05	98951.0	523.0	0.0	 2
5.179166509156374e-05	98949.0	524.0	0.0	 2
5.190266002430758e-05	98947.0	525.0	0.0	 2
5.190900682597794e-05	98945.0	526.0	0.0	 2
5.193348592371685e-05	98943.0	527.0	0.0	 2
5.2032827819951456e-05	98941.0	528.0	0.0	 2
5.209137858104343e-05	98939.0	529.0	0.0	 2
5.2207719960076545e-05	98937.0	530.0	0.0	 2
5.227943113635496e-05	98935.0	531.0	0.0	 2
5.2336505594809625e-05	98933.0	532.0	0.0	 2
5.258825032964104e-05	98931.0	533.0	0.0	 2
5.281840104653732e-05	98929.0	534.0	0.0	 2
5.286652539308453e-05	98927.0	535.0	0.0	 2
5.289637606352385e-05	98925.0	536.0	0.0	 2
5.2911584864852616e-05	98923.0	537.0	0.0	 2
5.305358998377015e-05	98921.0	538.0	0.0	 2
5.305793401716314e-05	98919.0	539.0	0.0	 2
5.3098692718664527e-05	98917.0	540.0	0.0	 2
5.366482990712643e-05	98915.0	541.0	0.0	 2
5.3700441954181216e-05	98913.0	542.0	0.0	 2
5.38840184021743e-05	98911.0	543.0	0.0	 2
5.388607437844738e-05	98909.0	544.0	0.0	 2
5.399309125352836e-05	98907.0	545.0	0.0	 2
5.407422260403091e-05	98905.0	546.0	0.0	 2
5.415284285230881e-05	98903.0	547.0	0.0	 2
5.4413535735217204e-05	98901.0	548.0	0.0	 2
5.44992936876049e-05	98899.0	549.0	0.0	 2
5.457406249256514e-05	98897.0	550.0	0.0	 2
5.4951180120890435e-05	98895.0	551.0	0.0	 2
5.500259199190293e-05	98893.0	552.0	0.0	 2
5.502689331875718e-05	98891.0	553.0	0.0	 2
5.5037844144630277e-05	98889.0	554.0	0.0	 2
5.520084004714385e-05	98887.0	555.0	0.0	 2
5.541299373188352e-05	98885.0	556.0	0.0	 2
5.553224050199585e-05	98883.0	557.0	0.0	 2
5.5543018730808456e-05	98881.0	558.0	0.0	 2
5.5629330805329634e-05	98879.0	559.0	0.0	 2
5.5741043166284465e-05	98877.0	560.0	0.0	 2
5.5847186815321075e-05	98875.0	561.0	0.0	 2
5.5938757820039474e-05	98873.0	562.0	0.0	 2
5.624084828781678e-05	98871.0	563.0	0.0	 2
5.6350540771251706e-05	98869.0	564.0	0.0	 2
5.636642037872487e-05	98867.0	565.0	0.0	 2
5.6450770537889547e-05	98865.0	566.0	0.0	 2
5.664295167835427e-05	98863.0	567.0	0.0	 2
5.670102942508302e-05	98861.0	568.0	0.0	 2
5.690478309859551e-05	98859.0	569.0	0.0	 2
5.718981953965875e-05	98857.0	570.0	0.0	 2
5.719382962795004e-05	98855.0	571.0	0.0	 2
5.7344649142504756e-05	98853.0	572.0	0.0	 2
5.7550537255514426e-05	98851.0	573.0	0.0	 2
5.756259240061511e-05	98849.0	574.0	0.0	 2
5.797650323880361e-05	98847.0	575.0	0.0	 2
5.802957353394077e-05	98845.0	576.0	0.0	 2
5.827298707848519e-05	98843.0	577.0	0.0	 2
5.870145518442343e-05	98841.0	578.0	0.0	 2
5.872123923301343e-05	98839.0	579.0	0.0	 2
5.876267739595758e-05	98837.0	580.0	0.0	 2
5.881384584064448e-05	98835.0	581.0	0.0	 2
5.8935185653663216e-05	98833.0	582.0	0.0	 2
5.914937442822768e-05	98831.0	583.0	0.0	 2
5.915762495783005e-05	98829.0	584.0	0.0	 2
5.917038569201562e-05	98827.0	585.0	0.0	 2
5.9206907613296025e-05	98825.0	586.0	0.0	 2
5.937245340685114e-05	98823.0	587.0	0.0	 2
5.9379384283658194e-05	98821.0	588.0	0.0	 2
5.9439460021484574e-05	98819.0	589.0	0.0	 2
5.9508949876265114e-05	98817.0	590.0	0.0	 2
5.967001175603447e-05	98815.0	591.0	0.0	 2
5.98087313653898e-05	98813.0	592.0	0.0	 2
5.9811140298397724e-05	98811.0	593.0	0.0	 2
5.988140503911793e-05	98809.0	594.0	0.0	 2
5.9991767135962334e-05	98807.0	595.0	0.0	 2
6.0178041905559466e-05	98805.0	596.0	0.0	 2
6.0250408733600304e-05	98803.0	597.0	0.0	 2
6.047084803309075e-05	98801.0	598.0	0.0	 2
6.0510538841499444e-05	98799.0	599.0	0.0	 2
6.054316433689114e-05	98797.0	600.0	0.0	 2
6.095488181124536e-05	98795.0	601.0	0.0	 2
6.100300862249305e-05	98793.0	602.0	0.0	 2
6.117348299153553e-05	98791.0	603.0	0.0	 2
6.12081037096469e-05	98789.0	604.0	0.0	 2
6.132934392765402e-05	98787.0	605.0	0.0	 2
6.135753987105682e-05	98785.0	606.0	0.0	 2
6.137573733169966e-05	98783.0	607.0	0.0	 2
6.145352037492667e-05	98781.0	608.0	0.0	 2
6.15500971325483e-05	98779.0	609.0	0.0	 2
6.155118923788326e-05	98777.0	610.0	0.0	 2
6.161559718555207e-05	98775.0	611.0	0.0	 2
6.164279621830374e-05	98773.0	612.0	0.0	 2
6.16462527475434e-05	98771.0	613.0	0.0	 2
6.170108384486876e-05	98769.0	614.0	0.0	 2
6.177563028741994e-05	98767.0	615.0	0.0	 2
6.179686093409488e-05	98765.0	616.0	0.0	 2
6.180382497231159e-05	98763.0	617.0	0.0	 2
6.199295304761699e-05	98761.0	618.0	0.0	 2
6.19939441508476e-05	98759.0	619.0	0.0	 2
6.203884991031554e-05	98757.0	620.0	0.0	 2
6.216854192646371e-05	98755.0	621.0	0.0	 2
6.231819462054092e-05	98753.0	622.0	0.0	 2
6.23381082168942e-05	98751.0	623.0	0.0	 2
6.241724762610932e-05	98749.0	624.0	0.0	 2
6.284726895294483e-05	98747.0	625.0	0.0	 2
6.28819988614973e-05	98745.0	626.0	0.0	 2
6.316478789507505e-05	98743.0	627.0	0.0	 2
6.319347302831653e-05	98741.0	628.0	0.0	 2
6.321615626129981e-05	98739.0	629.0	0.0	 2
6.333692069627468e-05	98737.0	630.0	0.0	 2
6.342881413133992e-05	98735.0	631.0	0.0	 2
6.344677642985336e-05	98733.0	632.0	0.0	 2
6.348633888381308e-05	98731.0	633.0	0.0	 2
6.351084523122729e-05	98729.0	634.0	0.0	 2
6.359621519019381e-05	98727.0	635.0	0.0	 2
6.37070084134659e-05	98726.0	635.0	0.0	 1
6.376008696340826e-05	98724.0	636.0	0.0	 2
6.376146617394138e-05	98722.0	637.0	0.0	 2
6.376746183037891e-05	98720.0	638.0	0.0	 2
6.388147872450049e-05	98718.0	639.0	0.0	 2
6.403214675836329e-05	98716.0	640.0	0.0	 2
6.407314408526917e-05	98714.0	641.0	0.0	 2
6.423184326713487e-05	98712.0	642.0	0.0	 2
6.424726491120053e-05	98710.0	643.0	0.0	 2
6.429807478046758e-05	98708.0	644.0	0.0	 2
6.43970046290975e-05	98706.0	645.0	0.0	 2
6.451929562555633e-05	98704.0	646.0	0.0	 2
6.490031578581683e-05	98702.0	647.0	0.0	 2
6.502066488653755e-05	98700.0	648.0	0.0	 2
6.50543611726314e-05	98698.0	649.0	0.0	 2
6.506217773023326e-05	98696.0	650.0	0.0	 2
6.506443585942265e-05	98694.0	651.0	0.0	 2
6.507857909387172e-05	98692.0	652.0	0.0	 2
6.512766978464618e-05	98690.0	653.0	0.0	 2
6.516749285707217e-05	98688.0	654.0	0.0	 2
6.525758726526391e-05	98686.0	655.0	0.0	 2
6.532478964794706e-05	98684.0	656.0	0.0	 2
6.542295891043265e-05	98682.0	657.0	0.0	 2
6.54755079765859e-05	98680.0	658.0	0.0	 2
6.554054182673788e-05	98678.0	659.0	0.0	 2
6.559558076182456e-05	98676.0	660.0	0.0	 2
6.569797835778647e-05	98674.0	661.0	0.0	 2
6.59342451987905e-05	98672.0	662.0	0.0	 2
6.60256866641073e-05	98671.0	662.0	0.0	 1
6.608418846658724e-05	98669.0	663.0	0.0	 2
6.641679348939089e-05	98667.0	664.0	0.0	 2
6.644078423614592e-05	98665.0	665.0	0.0	 2
6.647315181080707e-05	98663.0	666.0	0.0	 2
6.647425412424263e-05	98661.0	667.0	0.0	 2
6.665003883838072e-05	98659.0	668.0	0.0	 2
6.675120029442994e-05	98657.0	669.0	0.0	 2
6.688886222453953e-05	98655.0	670.0	0.0	 2
6.695244695994005e-05	98653.0	671.0	0.0	 2
6.700231142687583e-05	98651.0	672.0	0.0	 2
6.714727602897846e-05	98649.0	673.0	0.0	 2
6.721574242632719e-05	98647.0	674.0	0.0	 2
6.724314140041554e-05	98645.0	675.0	0.0	 2
6.7367215377147e-05	98643.0	676.0	0.0	 2
6.737240940974352e-05	98641.0	677.0	0.0	 2
6.754132540153572e-05	98639.0	678.0	0.0	 2
6.765884256724591e-05	98637.0	679.0	0.0	 2
6.784828713409644e-05	98635.0	680.0	0.0	 2
6.790670041972134e-05	98633.0	681.0	0.0	 2
6.79108283611818e-05	98631.0	682.0	0.0	 2
6.82689482630951e-05	98629.0	683.0	0.0	 2
6.829180183051694e-05	98627.0	684.0	0.0	 2
6.830893257425847e-05	98625.0	685.0	0.0	 2
6.83977750423954e-05	98623.0	686.0	0.0	 2
6.855584370268935e-05	98621.0	687.0	0.0	 2
6.908278169033769e-05	98619.0	688.0	0.0	 2
6.91768123553983e-05	98617.0	689.0	0.0	 2
6.917787202745616e-05	98615.0	690.0	0.0	 2
6.944883236354185e-05	98613.0	691.0	0.0	 2
6.947875847552607e-05	98611.0	692.0	0.0	 2
6.949469197204586e-05	98609.0	693.0	0.0	 2
6.972391791089707e-05	98607.0	694.0	0.0	 2
6.973090917998803e-05	98605.0	695.0	0.0	 2
6.986575641158614e-05	98603.0	696.0	0.0	 2
6.991029646104012e-05	98601.0	697.0	0.0	 2
7.025992394885588e-05	98599.0	698.0	0.0	 2
7.028214453864809e-05	98597.0	699.0	0.0	 2
7.029301884501244e-05	98595.0	700.0	0.0	 2
7.07112525383421e-05	98593.0	701.0	0.0	 2
7.083680240265524e-05	98591.0	702.0	0.0	 2
7.08768072836051e-05	98589.0	703.0	0.0	 2
7.089438091754856e-05	98587.0	704.0	0.0	 2
7.089968045624673e-05	98585.0	705.0	0.0	 2
7.091700281990074e-05	98583.0	706.0	0.0	 2
7.099875424735554e-05	98581.0	707.0	0.0	 2
7.109333053128983e-05	98579.0	708.0	0.0	 2
7.115498374819833e-05	98577.0	709.0	0.0	 2
7.132274850575441e-05	98575.0	710.0	0.0	 2
7.14217157549402e-05	98573.0	711.0	0.0	 2
7.14711548996571e-05	98571.0	712.0	0.0	 2
7.151007789489965e-05	98569.0	713.0	0.0	 2
7.170000309045935e-05	98567.0	714.0	0.0	 2
7.172585116666233e-05	98565.0	715.0	0.0	 2
7.188241735743491e-05	98563.0	716.0	0.0	 2
7.194502416051464e-05	98561.0	717.0	0.0	 2
7.196006925772332e-05	98559.0	718.0	0.0	 2
7.196555246916852e-05	98558.0	718.0	0.0	 1
7.197928623917107e-05	98556.0	719.0	0.0	 2
7.212589026864055e-05	98554.0	720.0	0.0	 2
7.22068917053524e-05	98552.0	721.0	0.0	 2
7.220741528411909e-05	98550.0	722.0	0.0	 2
7.226486651545096e-05	98548.0	723.0	0.0	 2
7.236946299508702e-05	98546.0	724.0	0.0	 2
7.240446744402336e-05	98544.0	725.0	0.0	 2
7.254197911074784e-05	98542.0	726.0	0.0	 2
7.28685700661917e-05	98540.0	727.0	0.0	 2
7.287225281373592e-05	98538.0	728.0	0.0	 2
7.289482030548525e-05	98536.0	729.0	0.0	 2
7.308233115265092e-05	98534.0	730.0	0.0	 2
7.318447908121599e-05	98532.0	731.0	0.0	 2
7.325394464097663e-05	98530.0	732.0	0.0	 2
7.337262249794794e-05	98528.0	733.0	0.0	 2
7.339191915904096e-05	98526.0	734.0	0.0	 2
7.362085353007781e-05	98524.0	735.0	0.0	 2
7.370836669563141e-05	98522.0	736.0	0.0	 2
7.377905244020098e-05	98520.0	737.0	0.0	 2
7.393118894190736e-05	98518.0	738.0	0.0	 2
7.423975916715905e-05	98516.0	739.0	0.0	 2
7.459127794511939e-05	98514.0	740.0	0.0	 2
7.461653156960334e-05	98512.0	741.0	0.0	 2
7.514204706318871e-05	98511.0	741.0	0.0	 1
7.528462711215095e-05	98509.0	742.0	0.0	 2
7.532602937119088e-05	98507.0	743.0	0.0	 2
7.535002610735838e-05	98505.0	744.0	0.0	 2
7.544280286910616e-05	98503.0	745.0	0.0	 2
7.551288226676453e-05	98501.0	746.0	0.0	 2
7.554701609909364e-05	98499.0	747.0	0.0	 2
7.562783609323715e-05	98497.0	748.0	0.0	 2
7.582230158229491e-05	98495.0	749.0	0.0	 2
7.590672057191857e-05	98493.0	750.0	0.0	 2
7.613238727964159e-05	98491.0	751.0	0.0	 2
7.613764065789793e-05	98489.0	752.0	0.0	 2
7.616179468871851e-05	98487.0	753.0	0.0	 2
7.620972641566922e-05	98485.0	754.0	0.0	 2
7.621538086580608e-05	98483.0	755.0	0.0	 2
7.63609131624911e-05	98481.0	756.0	0.0	 2
7.638380825746301e-05	98479.0	757.0	0.0	 2
7.665165075832545e-05	98477.0	758.0	0.0	 2
7.672271917728096e-05	98475.0	759.0	0.0	 2
7.686375089340694e-05	98473.0	760.0	0.0	 2
7.687128876547647e-05	98471.0	761.0	0.0	 2
7.692265153960732e-05	98469.0	762.0	0.0	 2
7.704559431033406e-05	98467.0	763.0	0.0	 2
7.708177226122425e-05	98465.0	764.0	0.0	 2
7.710105869566486e-05	98463.0	765.0	0.0	 2
7.72179166732413e-05	98461.0	766.0	0.0	 2
7.757478523422182e-05	98459.0	767.0	0.0	 2
7.76774850980674e-05	98457.0	768.0	0.0	 2
7.767810858149157e-05	98455.0	769.0	0.0	 2
7.770018164211466e-05	98453.0	770.0	0.0	 2
7.771749384491752e-05	98452.0	770.0	0.0	 1
7.773630693740975e-05	98450.0	771.0	0.0	 2
7.773974692201756e-05	98448.0	772.0	0.0	 2
7.7797443659338e-05	98446.0	773.0	0.0	 2
7.783304582854453e-05	98444.0	774.0	0.0	 2
7.788982057122989e-05	98442.0	775.0	0.0	 2
7.80762395511171e-05	98440.0	776.0	0.0	 2
7.831438047001522e-05	98438.0	777.0	0.0	 2
7.834295422996146e-05	98436.0	778.0	0.0	 2
7.842649057015046e-05	98434.0	779.0	0.0	 2
7.863621623574518e-05	98432.0	780.0	0.0	 2
7.866037714554778e-05	98430.0	781.0	0.0	 2
7.867793453872128e-05	98428.0	782.0	0.0	 2
7.880257500832867e-05	98426.0	783.0	0.0	 2
7.882864069707826e-05	98424.0	784.0	0.0	 2
7.893985108327586e-05	98422.0	785.0	0.0	 2
7.89688479361974e-05	98420.0	786.0	0.0	 2
7.904913049086672e-05	98418.0	787.0	0.0	 2
7.9065586588215e-05	98416.0	788.0	0.0	 2
7.921871487387216e-05	98414.0	789.0	0.0	 2
7.929553719950144e-05	98412.0	790.0	0.0	 2
7.931614580988203e-05	98410.0	791.0	0.0	 2
7.932104624280293e-05	98408.0	792.0	0.0	 2
7.934779219148315e-05	98406.0	793.0	0.0	 2
7.947886166568276e-05	98404.0	794.0	0.0	 2
7.962795251896847e-05	98402.0	795.0	0.0	 2
7.963089826295367e-05	98400.0	796.0	0.0	 2
7.970058442418778e-05	98398.0	797.0	0.0	 2
8.003696062179853e-05	98396.0	798.0	0.0	 2
8.003828027849302e-05	98394.0	799.0	0.0	 2
8.006493288172223e-05	98392.0	800.0	0.0	 2
8.022083153811712e-05	98390.0	801.0	0.0	 2
8.022276534235556e-05	98388.0	802.0	0.0	 2
8.025243706033796e-05	98386.0	803.0	0.0	 2
8.026599690223499e-05	98384.0	804.0	0.0	 2
8.031290861112986e-05	98383.0	804.0	0.0	 1
8.034776989783949e-05	98381.0	805.0	0.0	 2
8.04748948338238e-05	98379.0	806.0	0.0	 2
8.119587029842538e-05	98377.0	807.0	0.0	 2
8.129590203740807e-05	98375.0	808.0	0.0	 2
8.130041349343606e-05	98373.0	809.0	0.0	 2
8.13387845909254e-05	98371.0	810.0	0.0	 2
8.146780641872895e-05	98369.0	811.0	0.0	 2
8.15512081304693e-05	98367.0	812.0	0.0	 2
8.16453632868874e-05	98365.0	813.0	0.0	 2
8.165841002401485e-05	98363.0	814.0	0.0	 2
8.173391328706987e-05	98361.0	815.0	0.0	 2
8.187787366132707e-05	98359.0	816.0	0.0	 2
8.191844959145553e-05	98357.0	817.0	0.0	 2
8.215036898121447e-05	98355.0	818.0	0.0	 2
8.216667080032804e-05	98353.0	819.0	0.0	 2
8.218683021718214e-05	98351.0	820.0	0.0	 2
8.23845452404716e-05	98349.0	821.0	0.0	 2
8.249135131732225e-05	98347.0	822.0	0.0	 2
8.253932457982701e-05	98345.0	823.0	0.0	 2
8.257055531786234e-05	98343.0	824.0	0.0	 2
8.275370645445022e-05	98341.0	825.0	0.0	 2
8.277717588816808e-05	98339.0	826.0	0.0	 2
8.288753711461118e-05	98337.0	827.0	0.0	 2
8.294430131610326e-05	98336.0	827.0	0.0	 1
8.310183253436549e-05	98334.0	828.0	0.0	 2
8.310503628192598e-05	98332.0	829.0	0.0	 2
8.325946464059188e-05	98330.0	830.0	0.0	 2
8.34938437230687e-05	98328.0	831.0	0.0	 2
8.38413855824576e-05	98326.0	832.0	0.0	 2
8.394610172098645e-05	98324.0	833.0	0.0	 2
8.396077869245072e-05	98322.0	834.0	0.0	 2
8.407549556921964e-05	98320.0	835.0	0.0	 2
8.410908705923417e-05	98318.0	836.0	0.0	 2
8.416635869225291e-05	98316.0	837.0	0.0	 2
8.419170714493559e-05	98314.0	838.0	0.0	 2
8.430853051321962e-05	98312.0	839.0	0.0	 2
8.435249669730878e-05	98310.0	840.0	0.0	 2
8.46081304896881e-05	98308.0	841.0	0.0	 2
8.48466912001535e-05	98306.0	842.0	0.0	 2
8.494772211156503e-05	98304.0	843.0	0.0	 2
8.504700681578936e-05	98302.0	844.0	0.0	 2
8.504772910995874e-05	98300.0	845.0	0.0	 2
8.51232605402043e-05	98298.0	846.0	0.0	 2
8.535309734289336e-05	98296.0	847.0	0.0	 2
8.539304708421042e-05	98294.0	848.0	0.0	 2
8.54571795765775e-05	98292.0	849.0	0.0	 2
8.549086664498139e-05	98290.0	850.0	0.0	 2
8.554616761871483e-05	98288.0	851.0	0.0	 2
8.558341326919734e-05	98286.0	852.0	0.0	 2
8.56273406592274e-05	98284.0	853.0	0.0	 2
8.572672447232417e-05	98282.0	854.0	0.0	 2
8.580402115809017e-05	98280.0	855.0	0.0	 2
8.584118659124625e-05	98278.0	856.0	0.0	 2
8.586518215287658e-05	98276.0	857.0	0.0	 2
8.59026934614753e-05	98274.0	858.0	0.0	 2
8.601862973963024e-05	98272.0	859.0	0.0	 2
8.63522992909282e-05	98270.0	860.0	0.0	 2
8.637228804801097e-05	98268.0	861.0	0.0	 2
8.639866695680812e-05	98266.0	862.0	0.0	 2
8.641431733891696e-05	98264.0	863.0	0.0	 2
8.644923528411672e-05	98262.0	864.0	0.0	 2
8.663377387759358e-05	98260.0	865.0	0.0	 2
8.680123549549704e-05	98258.0	866.0	0.0	 2
8.688498996075107e-05	98256.0	867.0	0.0	 2
8.69307155020541e-05	98254.0	868.0	0.0	 2
8.693969172069536e-05	98252.0	869.0	0.0	 2
8.717708132178253e-05	98250.0	870.0	0.0	 2
8.721278975043096e-05	98248.0	871.0	0.0	 2
8.73438257095434e-05	98246.0	872.0	0.0	 2
8.736743125695635e-05	98244.0	873.0	0.0	 2
8.738830930808995e-05	98242.0	874.0	0.0	 2
8.739285632314624e-05	98240.0	875.0	0.0	 2
8.739947971515759e-05	98238.0	876.0	0.0	 2
8.748643987654576e-05	98236.0	877.0	0.0	 2
8.752016844452489e-05	98234.0	878.0	0.0	 2
8.769758042585877e-05	98232.0	879.0	0.0	 2
8.772286539196646e-05	98230.0	880.0	0.0	 2
8.78300419168679e-05	98228.0	881.0	0.0	 2
8.790881935279336e-05	98226.0	882.0	0.0	 2
8.792621960294561e-05	98224.0	883.0	0.0	 2
8.796765038651154e-05	98222.0	884.0	0.0	 2
8.803322482811031e-05	98220.0	885.0	0.0	 2
8.805630555554512e-05	98218.0	886.0	0.0	 2
8.818466779533022e-05	98216.0	887.0	0.0	 2
8.829918261895651e-05	98214.0	888.0	0.0	 2
8.857677699896604e-05	98212.0	889.0	0.0	 2
8.860669620206788e-05	98210.0	890.0	0.0	 2
8.865203929679529e-05	98208.0	891.0	0.0	 2
8.873122699228514e-05	98206.0	892.0	0.0	 2
8.876306890785069e-05	98204.0	893.0	0.0	 2
8.909273482581564e-05	98202.0	894.0	0.0	 2
8.923243241723706e-05	98200.0	895.0	0.0	 2
8.936827097336795e-05	98198.0	896.0	0.0	 2
8.946888472038277e-05	98196.0	897.0	0.0	 2
8.952834938273023e-05	98194.0	898.0	0.0	 2
8.960716063608672e-05	98192.0	899.0	0.0	 2
8.967321013596404e-05	98190.0	900.0	0.0	 2
8.975713001456007e-05	98188.0	901.0	0.0	 2
8.981540699977303e-05	98186.0	902.0	0.0	 2
9.00842073049253e-05	98184.0	903.0	0.0	 2
9.010253816776832e-05	98182.0	904.0	0.0	 2
9.019086936189565e-05	98180.0	905.0	0.0	 2
9.054132771431715e-05	98178.0	906.0	0.0	 2
9.056327351252184e-05	98176.0	907.0	0.0	 2
9.059178478540759e-05	98174.0	908.0	0.0	 2
9.09120968884611e-05	98172.0	909.0	0.0	 2
9.120720021728383e-05	98170.0	910.0	0.0	 2
9.122157168059905e-05	98168.0	911.0	0.0	 2
9.133622995139981e-05	98166.0	912.0	0.0	 2
9.1423359619557e-05	98164.0	913.0	0.0	 2
9.1615814260369e-05	98162.0	914.0	0.0	 2
9.163455116315777e-05	98160.0	915.0	0.0	 2
9.173695422978292e-05	98158.0	916.0	0.0	 2
9.17508704208415e-05	98156.0	917.0	0.0	 2
9.18464639913058e-05	98154.0	918.0	0.0	 2
9.204563445108595e-05	98152.0	919.0	0.0	 2
9.206404457621977e-05	98150.0	920.0	0.0	 2
9.221134342302525e-05	98148.0	921.0	0.0	 2
9.22242970957656e-05	98146.0	922.0	0.0	 2
9.234987236017034e-05	98144.0	923.0	0.0	 2
9.249659827431199e-05	98142.0	924.0	0.0	 2
9.263879350997365e-05	98140.0	925.0	0.0	 2
9.267929087030325e-05	98138.0	926.0	0.0	 2
9.273264757451301e-05	98137.0	926.0	0.0	 1
9.280128986711555e-05	98135.0	927.0	0.0	 2
9.281177054821999e-05	98133.0	928.0	0.0	 2
9.287866395689587e-05	98131.0	929.0	0.0	 2
9.291682156392593e-05	98129.0	930.0	0.0	 2
9.295825562517847e-05	98127.0	931.0	0.0	 2
9.302282221851112e-05	98125.0	932.0	0.0	 2
9.319835648434412e-05	98123.0	933.0	0.0	 2
9.32979582697304e-05	98121.0	934.0	0.0	 2
9.331233166740942e-05	98119.0	935.0	0.0	 2
9.371685131633849e-05	98117.0	936.0	0.0	 2
9.37373680489533e-05	98115.0	937.0	0.0	 2
9.375447299164856e-05	98113.0	938.0	0.0	 2
9.391940283258369e-05	98111.0	939.0	0.0	 2
9.393007302737716e-05	98109.0	940.0	0.0	 2
9.395463044165005e-05	98107.0	941.0	0.0	 2
9.403075870023742e-05	98105.0	942.0	0.0	 2
9.411706437439879e-05	98103.0	943.0	0.0	 2
9.417656009926814e-05	98101.0	944.0	0.0	 2
9.427044263992099e-05	98099.0	945.0	0.0	 2
9.441489380552785e-05	98097.0	946.0	0.0	 2
9.466471788529303e-05	98095.0	947.0	0.0	 2
9.477822554773658e-05	98093.0	948.0	0.0	 2
9.483236285109394e-05	98091.0	949.0	0.0	 2
9.483336060782982e-05	98089.0	950.0	0.0	 2
9.488488012578704e-05	98087.0	951.0	0.0	 2
9.494856508469801e-05	98085.0	952.0	0.0	 2
9.502279148236374e-05	98083.0	953.0	0.0	 2
9.504877508950694e-05	98081.0	954.0	0.0	 2
9.513451234153638e-05	98079.0	955.0	0.0	 2
9.514275719534012e-05	98077.0	956.0	0.0	 2
9.53237305501582e-05	98075.0	957.0	0.0	 2
9.560195821176247e-05	98073.0	958.0	0.0	 2
9.579264077085186e-05	98071.0	959.0	0.0	 2
9.587215181791453e-05	98069.0	960.0	0.0	 2
9.595659115255604e-05	98067.0	961.0	0.0	 2
9.605352777129876e-05	98065.0	962.0	0.0	 2
9.628529541710329e-05	98063.0	963.0	0.0	 2
9.636959704131793e-05	98061.0	964.0	0.0	 2
9.64178442696615e-05	98059.0	965.0	0.0	 2
9.646839148334766e-05	98057.0	966.0	0.0	 2
9.658604713193011e-05	98055.0	967.0	0.0	 2
9.66102961438953e-05	98053.0	968.0	0.0	 2
9.666333907280181e-05	98051.0	969.0	0.0	 2
9.667301660769886e-05	98049.0	970.0	0.0	 2
9.67286863715505e-05	98047.0	971.0	0.0	 2
9.675502350477064e-05	98045.0	972.0	0.0	 2
9.682085798316356e-05	98043.0	973.0	0.0	 2
9.744393484026182e-05	98041.0	974.0	0.0	 2
9.750048195587461e-05	98039.0	975.0	0.0	 2
9.750611649765158e-05	98037.0	976.0	0.0	 2
9.754105231838262e-05	98035.0	977.0	0.0	 2
9.762522223348104e-05	98033.0	978.0	0.0	 2
9.770186218786824e-05	98031.0	979.0	0.0	 2
9.772782074329869e-05	98029.0	980.0	0.0	 2
9.773155708585038e-05	98027.0	981.0	0.0	 2
9.77491060103508e-05	98025.0	982.0	0.0	 2
9.783692357933587e-05	98023.0	983.0	0.0	 2
9.786507532446087e-05	98021.0	984.0	0.0	 2
9.792297948241613e-05	98019.0	985.0	0.0	 2
9.792536787241311e-05	98017.0	986.0	0.0	 2
9.800134843076577e-05	98015.0	987.0	0.0	 2
9.801153757150555e-05	98013.0	988.0	0.0	 2
